भारत	369 73 452 128
सरकार	461 73 576 128
Government	233 165 524 234
of	538 165 583 234
India	598 168 707 234
Name/	280 368 390 415
नाम:	398 376 450 415
Nishith	475 368 589 415
Karan	604 368 701 415
Date	280 500 356 547
of	369 500 401 547
birth/	410 500 495 547
जनम	503 489 606 560
की	575 478 604 571
तारीख:	613 489 696 547
2021-01-08	720 500 913 547
Sex/	278 605 355 652
लगि:	363 594 423 652
पुरुष	443 613 493 668
1234	312 763 392 810
1234	407 763 487 810
1234	503 763 583 810
मेरा	306 857 349 915
आधार	358 873 430 915
मेरी	438 857 481 915
पहचान	489 876 573 918

भारत	369 73 452 128
सरकार	461 73 576 128
Government	233 165 524 234
of	538 165 583 234
India	598 168 707 234
Name/	280 368 390 415
नाम:	398 376 450 415
Devansh	475 368 623 415
Brahmbhatt	638 368 835 415
Date	280 500 356 547
of	369 500 401 547
birth/	410 500 495 547
जनम	503 489 606 560
की	575 478 604 571
तारीख:	613 489 696 547
2021-03-13	720 500 913 547
Sex/	278 605 355 652
लगि:	363 594 423 652
पुरुष	443 613 493 668
1234	312 763 392 810
1234	407 763 487 810
1234	503 763 583 810
मेरा	306 857 349 915
आधार	358 873 430 915
मेरी	438 857 481 915
पहचान	489 876 573 918

भारत	369 73 452 128
सरकार	461 73 576 128
Government	233 165 524 236
of	538 165 583 236
India	598 168 707 234
Name/	280 368 390 415
नाम:	398 376 450 415
Farhan	475 368 590 415
Khan	606 368 690 415
Date	280 500 356 547
of	369 500 401 547
birth/	410 500 495 547
जनम	503 489 606 560
की	575 478 604 571
तारीख:	613 489 696 547
2021-01-07	720 500 913 547
Sex/	278 605 355 652
लगि:	363 594 423 652
पुरुष	443 613 493 668
1234	312 763 392 810
1234	407 763 487 810
1234	503 763 583 810
मेरा	306 857 349 915
आधार	358 873 430 915
मेरी	438 857 481 915
पहचान	489 876 573 918

भारत	369 73 452 128
सरकार	461 73 576 128
Government	233 165 524 234
of	538 165 583 234
India	598 168 707 234
Name/	280 368 390 415
नाम:	398 376 450 415
Nishith	475 368 589 415
Karan	604 368 701 415
Date	280 500 356 547
of	369 500 401 547
birth/	410 500 495 547
जनम	503 489 606 560
की	575 478 604 571
तारीख:	613 489 696 547
2021-01-21	720 500 907 547
Sex/	278 605 355 652
लगि:	363 594 423 652
महलि	443 594 521 655
1234	312 763 392 810
1234	407 763 487 810
1234	503 763 583 810
मेरा	306 857 349 915
आधार	358 873 430 915
मेरी	438 857 481 915
पहचान	489 876 573 918

भारत	369 73 452 128
सरकार	461 73 576 128
Government	233 165 524 234
of	538 165 583 234
India	598 168 707 234
Name/	280 368 389 415
नाम:	406 357 450 442
Kanav	475 368 581 415
Menon	595 368 707 415
Date	280 500 356 547
of	369 500 401 547
birth/	410 500 495 547
जनम	503 489 696 560
की	575 478 604 571
तारीख:	616 489 696 560
2021-02-14	720 500 913 547
Sex/	278 605 355 652
लगि:	363 594 423 652
महलि	443 594 521 655
1234	312 763 392 810
1234	407 763 487 810
1234	503 763 583 810
मेरा	306 857 349 915
आधार	358 873 430 915
मेरी	438 857 481 915
पहचान	489 876 573 918

भारत	369 73 452 128
सरकार	461 73 576 128
Government	233 165 524 236
of	538 165 583 236
India	598 168 707 234
Name/	280 368 390 415
नाम:	398 376 450 415
Aarav	472 368 572 415
Bawa	586 368 678 415
Date	280 500 356 547
of	369 500 401 547
birth/	410 500 495 547
जनम	503 489 606 560
की	575 478 604 571
तारीख:	613 489 696 547
2021-01-30	720 500 913 547
Sex/	278 605 355 652
लगि:	363 594 423 652
पुरुष	443 613 493 668
1234	312 763 392 810
1234	407 763 487 810
1234	503 763 583 810
मेरा	306 857 349 915
आधार	358 873 430 915
मेरी	438 857 481 915
पहचान	489 876 573 918

भारत	369 73 452 128
सरकार	461 73 576 128
Government	233 165 524 236
of	538 165 583 236
India	598 168 707 234
Name/	280 368 390 415
नाम:	398 376 450 415
नशिथ	470 357 550 415
करण	558 376 618 415
Date	280 500 356 547
of	369 500 401 547
birth/	410 500 495 547
जनम	503 489 606 560
की	575 478 604 571
तारीख:	613 489 696 547
2021-02-06	720 500 913 547
Sex/	278 605 355 652
लगि:	363 594 423 652
महलि	443 594 521 655
1234	312 763 392 810
1234	407 763 487 810
1234	503 763 583 810
मेरा	306 857 349 915
आधार	358 873 430 915
मेरी	438 857 481 915
पहचान	489 876 573 918

भारत	369 73 452 128
सरकार	461 73 576 128
Government	233 165 524 236
of	538 165 583 236
India	598 168 707 234
Name/	280 368 390 415
नाम:	398 376 450 415
Ishaan	475 368 586 415
Khan	601 368 686 415
Date	280 500 356 547
of	369 500 401 547
birth/	410 500 495 547
जनम	503 489 606 560
की	575 478 604 571
तारीख:	613 489 696 547
2021-03-18	720 500 913 547
Sex/	278 605 355 652
लगि:	363 594 423 652
महलि	443 594 521 655
1234	312 763 392 810
1234	407 763 487 810
1234	503 763 583 810
मेरा	306 857 349 915
आधार	358 873 430 915
मेरी	438 857 481 915
पहचान	489 876 573 918

भारत	369 73 452 128
सरकार	461 73 576 128
Government	233 165 524 236
of	538 165 583 236
India	598 168 707 234
Name/	280 368 390 415
नाम:	398 376 450 415
Ishaan	475 368 586 415
Khan	601 368 686 415
Date	280 500 356 547
of	369 500 401 547
birth/	410 500 495 547
जनम	503 489 606 560
की	575 478 604 571
तारीख:	613 489 696 547
2021-02-16	720 500 913 547
Sex/	278 605 355 652
लगि:	363 594 423 652
महलि	443 594 521 655
1234	312 763 392 810
1234	407 763 487 810
1234	503 763 583 810
मेरा	306 857 349 915
आधार	358 873 430 915
मेरी	438 857 481 915
पहचान	489 876 573 918

भारत	369 73 452 128
सरकार	461 73 576 128
Government	233 165 524 236
of	538 165 583 236
India	598 168 707 234
Name/	280 368 390 415
नाम:	398 376 450 415
ഞണ്ട്‌	472 376 553 428
भावकि	561 357 644 415
Date	280 500 356 547
of	369 500 401 547
birth/	410 500 495 547
जनम	503 489 696 560
की	575 478 604 571
तारीख:	616 489 696 560
2021-02-24	720 500 913 547
Sex/	278 605 355 652
लगि:	363 594 423 652
महलि	443 594 521 655
1234	312 763 392 810
1234	407 763 487 810
1234	503 763 583 810
मेरा	306 857 349 915
आधार	358 873 430 915
मेरी	438 857 481 915
पहचान	489 876 573 918

भारत	369 73 452 128
सरकार	461 73 576 128
Government	233 165 524 236
of	538 165 583 236
India	598 168 707 234
Name/	280 368 390 415
नाम:	398 376 450 415
जविनि	470 357 550 415
जॉन	556 365 610 415
Date	280 500 356 547
of	369 500 401 547
birth/	410 500 495 547
जनम	503 489 606 560
की	575 478 604 571
तारीख:	613 489 696 547
2021-02-26	720 500 913 547
Sex/	278 605 355 652
लगि:	363 594 423 652
पुरुष	443 613 493 668
1234	312 763 392 810
1234	407 763 487 810
1234	503 763 583 810
मेरा	306 857 349 915
आधार	358 873 430 915
मेरी	438 857 481 915
पहचान	489 876 573 918

भारत	369 73 452 128
सरकार	461 73 576 128
Government	233 165 524 236
of	538 165 583 236
India	598 168 707 234
Name/	280 368 390 415
नाम:	398 376 450 415
आरव	473 376 538 415
बावा	544 376 600 415
Date	280 500 356 547
of	369 500 401 547
birth/	410 500 495 547
जनम	503 489 606 560
की	575 478 604 571
तारीख:	613 489 696 547
2021-02-16	720 500 913 547
Sex/	278 605 355 652
लगि:	363 594 423 652
पुरुष	443 613 493 668
1234	312 763 392 810
1234	407 763 487 810
1234	503 763 583 810
मेरा	306 857 349 915
आधार	358 873 430 915
मेरी	438 857 481 915
पहचान	489 876 573 918

भारत	369 73 452 128
सरकार	461 73 576 128
Government	233 165 524 236
of	538 165 583 236
India	598 168 707 234
Name/	280 368 390 415
नाम:	398 376 450 415
फरहान	475 357 555 439
खान	567 357 620 439
Date	280 500 356 547
of	369 500 401 547
birth/	410 500 495 547
जनम	503 489 606 560
की	575 478 604 571
तारीख:	613 489 696 547
2021-03-15	720 500 913 547
Sex/	278 605 355 652
लगि:	363 594 423 652
पुरुष	443 613 493 668
1234	312 763 392 810
1234	407 763 487 810
1234	503 763 583 810
मेरा	306 857 349 915
आधार	358 873 430 915
मेरी	438 857 481 915
पहचान	489 876 573 918

भारत	369 73 452 128
सरकार	461 73 576 128
Government	233 165 524 236
of	538 165 583 236
India	598 168 707 234
Name/	280 368 390 415
नाम:	398 376 450 415
ईशान	470 363 535 421
खान	541 376 595 415
Date	280 500 356 547
of	369 500 401 547
birth/	410 500 495 547
जनम	503 489 606 560
की	575 478 604 571
तारीख:	613 489 696 547
2021-03-13	720 500 913 547
Sex/	278 605 355 652
लगि:	363 594 423 652
महलि	443 594 521 655
1234	312 763 392 810
1234	407 763 487 810
1234	503 763 583 810
मेरा	306 857 349 915
आधार	358 873 430 915
मेरी	438 857 481 915
पहचान	489 876 573 918

भारत	369 73 452 128
सरकार	461 73 576 128
Government	233 165 524 236
of	538 165 583 236
India	598 168 707 234
Name/	280 368 390 415
नाम:	398 376 450 415
आरव	473 376 538 415
बावा	544 376 600 415
Date	280 500 356 547
of	369 500 401 547
birth/	410 500 495 547
जनम	503 489 606 560
की	575 478 604 571
तारीख:	613 489 696 547
2021-01-05	720 500 913 547
Sex/	278 605 355 652
लगि:	363 594 423 652
महलि	443 594 521 655
1234	312 763 392 810
1234	407 763 487 810
1234	503 763 583 810
मेरा	306 857 349 915
आधार	358 873 430 915
मेरी	438 857 481 915
पहचान	489 876 573 918

भारत	369 73 452 128
सरकार	461 73 576 128
Government	233 165 524 236
of	538 165 583 236
India	598 168 707 234
Name/	280 368 390 415
नाम:	398 376 450 415
ईशान	470 363 535 421
खान	541 376 595 415
Date	280 500 356 547
of	369 500 401 547
birth/	410 500 495 547
जनम	503 489 606 560
की	575 478 604 571
तारीख:	613 489 696 547
2021-01-24	720 500 913 547
Sex/	278 605 355 652
लगि:	363 594 423 652
महलि	443 594 521 655
1234	312 763 392 810
1234	407 763 487 810
1234	503 763 583 810
मेरा	306 857 349 915
आधार	358 873 430 915
मेरी	438 857 481 915
पहचान	489 876 573 918

ഭാരത	370 50 509 97
സര്‍ക്കാര്‍	526 31 786 94
Government	232 136 538 202
of	555 136 604 200
India	621 136 727 200
Name/	232 347 347 392
പരേ:	361 347 443 392
Kanav	464 347 570 392
Menon	581 347 695 392
Date	232 478 315 523
of	326 478 361 523
birth/	373 478 467 523
ജനനതിയ്യതി	480 478 726 523
:	747 497 752 518
2021-01-30	773 478 955 523
Sex/	232 584 310 628
ലിംഗം:	324 584 430 628
Male	452 584 529 628
1234	309 742 384 786
1234	396 742 472 786
1234	484 742 560 786
ആധാര്‍-സാധാരണക്കാരന്റ	201 847 732 905
അവകാശം	743 860 924 892

ഭാരത	370 50 509 97
സര്‍ക്കാര്‍	526 31 786 94
Government	232 136 538 202
of	555 136 604 200
India	621 136 727 200
Name/	232 347 347 392
പരേ:	361 347 443 392
Aryaman	463 347 623 405
Atwal	633 347 733 392
Date	232 478 315 523
of	326 478 361 523
birth/	373 478 467 523
ജനനതിയ്യതി	480 478 726 523
:	747 497 752 518
2021-01-09	773 478 956 523
Sex/	232 584 310 628
ലിംഗം:	324 584 430 628
Female	452 584 578 628
1234	309 742 384 786
1234	396 742 472 786
1234	484 742 560 786
ആധാര്‍-സാധാരണക്കാരന്റ	201 847 732 905
അവകാശം	743 860 924 892

ഭാരത	370 50 509 97
സര്‍ക്കാര്‍	526 31 786 94
Government	232 136 538 202
of	555 136 604 200
India	621 136 727 200
Name/	232 347 347 392
പരേ:	361 347 443 392
Farhan	464 347 586 392
Khan	598 347 683 392
Date	232 478 315 523
of	326 478 361 523
birth/	373 478 467 523
ജനനതിയ്യതി	480 478 726 523
:	747 497 752 518
2021-01-18	773 478 946 523
Sex/	232 584 310 628
ലിംഗം:	324 584 430 628
Female	452 584 578 628
1234	309 742 384 786
1234	396 742 472 786
1234	484 742 560 786
ആധാര്‍-സാധാരണക്കാരന്റ	201 847 732 905
അവകാശം	743 860 924 892

ഭാരത	370 50 509 97
സര്‍ക്കാര്‍	526 31 786 94
Government	232 136 538 202
of	555 136 604 200
India	621 136 727 200
Name/	232 347 347 392
പരേ:	361 347 443 392
Aarav	463 347 567 392
Bawa	578 347 675 392
Date	232 478 315 523
of	326 478 361 523
birth/	373 478 467 523
ജനനതിയ്യതി	480 478 726 523
:	747 497 752 518
2021-01-11	773 478 936 523
Sex/	232 584 310 628
ലിംഗം:	324 584 430 628
Female	452 584 578 628
1234	309 742 384 786
1234	396 742 472 786
1234	484 742 560 786
ആധാര്‍-സാധാരണക്കാരന്റ	201 847 732 905
അവകാശം	743 860 924 892

ഭാരത	370 50 509 97
സര്‍ക്കാര്‍	526 31 786 94
Government	232 136 538 202
of	555 136 604 200
India	621 136 727 200
Name/	232 347 347 392
പരേ:	361 347 443 392
Devansh	464 347 612 392
Brahmbhatt	624 347 835 392
Date	232 478 315 523
of	326 478 361 523
birth/	373 478 467 523
ജനനതിയ്യതി	480 478 726 523
:	747 497 752 518
2021-03-12	773 478 955 523
Sex/	232 584 310 628
ലിംഗം:	324 584 430 628
Female	452 584 578 628
1234	309 742 384 786
1234	396 742 472 786
1234	484 742 560 786
ആധാര്‍-സാധാരണക്കാരന്റ	201 847 732 905
അവകാശം	743 860 924 892

ഭാരത	370 50 509 97
സര്‍ക്കാര്‍	526 31 786 94
Government	232 136 538 202
of	555 136 604 200
India	621 136 727 200
Name/	232 347 347 392
പരേ:	361 347 443 392
Raga	464 347 553 405
Raj	564 347 621 405
Date	232 478 315 523
of	326 478 361 523
birth/	373 478 467 523
ജനനതിയ്യതി	480 478 726 523
:	747 497 752 518
2021-03-21	773 478 955 523
Sex/	232 584 310 628
ലിംഗം:	324 584 430 628
Male	452 584 529 628
1234	309 742 384 786
1234	396 742 472 786
1234	484 742 560 786
ആധാര്‍-സാധാരണക്കാരന്റ	201 847 732 905
അവകാശം	743 860 924 892

ഭാരത	370 50 509 97
സര്‍ക്കാര്‍	526 31 786 94
Government	232 136 538 202
of	555 136 604 200
India	621 136 727 200
Name/	232 347 347 392
പരേ:	361 347 443 392
Devansh	464 347 612 392
Brahmbhatt	624 347 835 392
Date	232 478 315 523
of	326 478 361 523
birth/	373 478 467 523
ജനനതിയ്യതി	480 478 726 523
:	747 497 752 518
2021-01-29	773 478 956 523
Sex/	232 584 310 628
ലിംഗം:	324 584 430 628
Male	452 584 529 628
1234	309 742 384 786
1234	396 742 472 786
1234	484 742 560 786
ആധാര്‍-സാധാരണക്കാരന്റ	201 847 732 905
അവകാശം	743 860 924 892

ഭാരത	370 50 509 97
സര്‍ക്കാര്‍	526 31 786 94
Government	232 136 538 202
of	555 136 604 200
India	621 136 727 200
Name/	232 347 347 392
പരേ:	361 347 443 392
Aryaman	463 347 623 405
Atwal	633 347 733 392
Date	232 478 315 523
of	326 478 361 523
birth/	373 478 467 523
ജനനതിയ്യതി	480 478 726 523
:	747 497 752 518
2021-03-14	773 478 956 523
Sex/	232 584 310 628
ലിംഗം:	324 584 430 628
Male	452 584 529 628
1234	309 742 384 786
1234	396 742 472 786
1234	484 742 560 786
ആധാര്‍-സാധാരണക്കാരന്റ	201 847 732 905
അവകാശം	743 860 924 892

ഭാരത	370 50 509 97
സര്‍ക്കാര്‍	526 31 786 94
Government	232 136 538 202
of	555 136 604 200
India	621 136 727 200
Name/	232 347 347 392
പരേ:	361 347 443 392
ഇഷാന്‍	464 347 586 405
ഖാന്‍	598 347 680 392
Date	232 478 315 523
of	326 478 361 523
birth/	373 478 467 523
ജനനതിയ്യതി	480 478 726 523
:	747 497 752 518
2021-01-06	773 478 955 523
Sex/	232 584 310 628
ലിംഗം:	324 584 430 628
പുരുഷൻ	452 584 603 642
1234	309 742 384 786
1234	396 742 472 786
1234	484 742 560 786
ആധാര്‍-സാധാരണക്കാരന്റ	201 847 732 905
അവകാശം	743 860 924 892

ഭാരത	370 50 509 97
സര്‍ക്കാര്‍	526 31 786 94
Government	232 136 538 202
of	555 136 604 200
India	621 136 727 200
Name/	232 347 347 392
പരേ:	361 347 443 392
രാഗ	464 360 536 392
രാജ്‌	549 347 627 392
Date	232 478 315 523
of	326 478 361 523
birth/	373 478 467 523
ജനനതിയ്യതി	480 478 726 523
:	747 497 752 518
2021-02-16	773 478 955 523
Sex/	232 584 310 628
ലിംഗം:	324 584 430 628
പുരുഷൻ	452 584 603 642
1234	309 742 384 786
1234	396 742 472 786
1234	484 742 560 786
ആധാര്‍-സാധാരണക്കാരന്റ	201 847 732 905
അവകാശം	743 860 924 892

ഭാരത	370 50 509 97
സര്‍ക്കാര്‍	526 31 786 94
Government	232 136 538 202
of	555 136 604 200
India	621 136 727 200
Name/	232 347 347 392
പരേ:	361 347 443 392
ജിവിന്‍	464 347 576 392
ജോൺ	589 347 709 392
Date	232 478 315 523
of	326 478 361 523
birth/	373 478 467 523
ജനനതിയ്യതി	480 478 726 523
:	747 497 752 518
2021-01-20	773 478 955 523
Sex/	232 584 310 628
ലിംഗം:	324 584 430 628
പുരുഷൻ	452 584 603 642
1234	309 742 384 786
1234	396 742 472 786
1234	484 742 560 786
ആധാര്‍-സാധാരണക്കാരന്റ	201 847 732 905
അവകാശം	743 860 924 892

ഭാരത	370 50 509 97
സര്‍ക്കാര്‍	526 31 786 94
Government	232 136 538 202
of	555 136 604 200
India	621 136 727 200
Name/	232 347 347 392
പര്‌:	361 347 443 392
ഫര്‍ഹാന്‍	464 347 616 392
ഖാന്‍	629 347 710 392
Date	232 478 315 523
of	326 478 361 523
birth/	373 478 467 523
ജനനതിയ്യതി	480 478 726 523
:	747 497 752 518
2021-02-08	773 478 964 523
Sex/	232 584 310 628
ലിംഗം:	324 584 430 628
പുരുഷൻ	452 584 603 642
1234	309 742 384 786
1234	396 742 472 786
1234	484 742 560 786
ആധാര്‍-സാധാരണക്കാരന്റ	201 847 732 905
അവകാശം	743 860 924 892

ഭാരത	370 50 509 97
സര്‍ക്കാര്‍	526 31 786 94
Government	232 136 538 202
of	555 136 604 200
India	621 136 727 200
Name/	232 347 347 392
പരേ:	361 347 443 392
ആര്യമാന്‍	464 347 650 405
അറ്റിവാൾ	672 347 858 392
Date	232 478 315 523
of	326 478 361 523
birth/	373 478 467 523
ജനനതിയ്യതി	480 478 726 523
:	747 497 752 518
2021-01-23	773 478 955 523
Sex/	232 584 310 628
ലിംഗം:	324 584 430 628
സ്ത്രീ	452 584 561 628
1234	309 742 384 786
1234	396 742 472 786
1234	484 742 560 786
ആധാര്‍-സാധാരണക്കാരന്റ	201 847 732 905
അവകാശം	743 860 924 892

ഭാരത	370 50 509 97
സര്‍ക്കാര്‍	526 31 786 94
Government	232 136 538 202
of	555 136 604 200
India	621 136 727 200
Name/	232 347 347 392
പരേ?	361 347 443 392
ആരവ്‌	464 347 578 405
ബാവ	586 360 676 392
Date	232 478 315 523
of	326 478 361 523
birth/	373 478 467 523
ജനനതിയ്യതി	480 478 726 523
:	747 497 752 518
2021-02-26	773 478 964 523
Sex/	232 584 310 628
ലിംഗം:	324 584 430 628
പുരുഷൻ	452 584 603 642
1234	309 742 384 786
1234	396 742 472 786
1234	484 742 560 786
ആധാര്‍-സാധാരണക്കാരന്റ	201 847 732 905
അവകാശം	743 860 924 892

ഭാരത	370 50 509 97
സര്‍ക്കാര്‍	526 31 786 94
Government	232 136 538 202
of	555 136 604 200
India	621 136 727 200
Name/	232 347 347 392
പരേ?	361 347 443 392
ആരവ്‌	464 347 578 405
ബാവ	586 360 676 392
Date	232 478 315 523
of	326 478 361 523
birth/	373 478 467 523
ജനനതിയ്യതി	480 478 726 523
:	747 497 752 518
2021-01-01	773 478 946 523
Sex/	232 584 310 628
ലിംഗം:	324 584 430 628
സ്ത്രീ	452 584 561 628
1234	309 742 384 786
1234	396 742 472 786
1234	484 742 560 786
ആധാര്‍-സാധാരണക്കാരന്റ	201 847 732 905
അവകാശം	743 860 924 892

ഭാരത	370 50 509 97
സര്‍ക്കാര്‍	526 31 786 94
Government	232 136 538 202
of	555 136 604 200
India	621 136 727 200
Name/	232 347 347 392
പരേ:	361 347 443 392
ദവേന്‍്ഷ്‌	464 347 613 392
ബ്രഹ്മഭട്ട്‌	621 347 832 392
Date	232 478 315 523
of	326 478 361 523
birth/	373 478 467 523
ജനനതിയ്യതി	480 478 726 523
:	747 497 752 518
2021-02-13	773 478 955 523
Sex/	232 584 310 628
ലിംഗം:	324 584 430 628
സ്ത്രീ	452 584 561 628
1234	309 742 384 786
1234	396 742 472 786
1234	484 742 560 786
ആധാര്‍-സാധാരണക്കാരന്റ	201 847 732 905
അവകാശം	743 860 924 892

