भारत	240 28 294 49	650 380	2d38e7437718487b950ef2450a01c96e_1d4969d2cebfac6b156b42c48b004d2c
सरकार	300 28 375 49	650 380	2d38e7437718487b950ef2450a01c96e_1d4969d2cebfac6b156b42c48b004d2c
Government	152 63 341 89	650 380	2d38e7437718487b950ef2450a01c96e_1d4969d2cebfac6b156b42c48b004d2c
of	350 63 379 89	650 380	2d38e7437718487b950ef2450a01c96e_1d4969d2cebfac6b156b42c48b004d2c
India	389 64 460 89	650 380	2d38e7437718487b950ef2450a01c96e_1d4969d2cebfac6b156b42c48b004d2c
Name/	182 140 254 158	650 380	2d38e7437718487b950ef2450a01c96e_1d4969d2cebfac6b156b42c48b004d2c
नाम:	259 143 293 158	650 380	2d38e7437718487b950ef2450a01c96e_1d4969d2cebfac6b156b42c48b004d2c
Nishith	309 140 383 158	650 380	2d38e7437718487b950ef2450a01c96e_1d4969d2cebfac6b156b42c48b004d2c
Karan	393 140 456 158	650 380	2d38e7437718487b950ef2450a01c96e_1d4969d2cebfac6b156b42c48b004d2c
Date	182 190 232 208	650 380	2d38e7437718487b950ef2450a01c96e_1d4969d2cebfac6b156b42c48b004d2c
of	240 190 261 208	650 380	2d38e7437718487b950ef2450a01c96e_1d4969d2cebfac6b156b42c48b004d2c
birth/	267 190 322 208	650 380	2d38e7437718487b950ef2450a01c96e_1d4969d2cebfac6b156b42c48b004d2c
जनम	327 186 394 213	650 380	2d38e7437718487b950ef2450a01c96e_1d4969d2cebfac6b156b42c48b004d2c
की	374 182 393 217	650 380	2d38e7437718487b950ef2450a01c96e_1d4969d2cebfac6b156b42c48b004d2c
तारीख:	399 186 453 208	650 380	2d38e7437718487b950ef2450a01c96e_1d4969d2cebfac6b156b42c48b004d2c
2021-01-08	468 190 594 208	650 380	2d38e7437718487b950ef2450a01c96e_1d4969d2cebfac6b156b42c48b004d2c
Sex/	181 230 231 248	650 380	2d38e7437718487b950ef2450a01c96e_1d4969d2cebfac6b156b42c48b004d2c
लगि:	236 226 275 248	650 380	2d38e7437718487b950ef2450a01c96e_1d4969d2cebfac6b156b42c48b004d2c
पुरुष	288 233 321 254	650 380	2d38e7437718487b950ef2450a01c96e_1d4969d2cebfac6b156b42c48b004d2c
1234	203 290 255 308	650 380	2d38e7437718487b950ef2450a01c96e_1d4969d2cebfac6b156b42c48b004d2c
1234	265 290 317 308	650 380	2d38e7437718487b950ef2450a01c96e_1d4969d2cebfac6b156b42c48b004d2c
1234	327 290 379 308	650 380	2d38e7437718487b950ef2450a01c96e_1d4969d2cebfac6b156b42c48b004d2c
मेरा	199 326 227 348	650 380	2d38e7437718487b950ef2450a01c96e_1d4969d2cebfac6b156b42c48b004d2c
आधार	233 332 280 348	650 380	2d38e7437718487b950ef2450a01c96e_1d4969d2cebfac6b156b42c48b004d2c
मेरी	285 326 313 348	650 380	2d38e7437718487b950ef2450a01c96e_1d4969d2cebfac6b156b42c48b004d2c
पहचान	318 333 373 349	650 380	2d38e7437718487b950ef2450a01c96e_1d4969d2cebfac6b156b42c48b004d2c

भारत	240 28 294 49	650 380	4a3b3374f68b402f8eebeda9f7119a78_1d4969d2cebfac6b156b42c48b005858
सरकार	300 28 375 49	650 380	4a3b3374f68b402f8eebeda9f7119a78_1d4969d2cebfac6b156b42c48b005858
Government	152 63 341 89	650 380	4a3b3374f68b402f8eebeda9f7119a78_1d4969d2cebfac6b156b42c48b005858
of	350 63 379 89	650 380	4a3b3374f68b402f8eebeda9f7119a78_1d4969d2cebfac6b156b42c48b005858
India	389 64 460 89	650 380	4a3b3374f68b402f8eebeda9f7119a78_1d4969d2cebfac6b156b42c48b005858
Name/	182 140 254 158	650 380	4a3b3374f68b402f8eebeda9f7119a78_1d4969d2cebfac6b156b42c48b005858
नाम:	259 143 293 158	650 380	4a3b3374f68b402f8eebeda9f7119a78_1d4969d2cebfac6b156b42c48b005858
Devansh	309 140 405 158	650 380	4a3b3374f68b402f8eebeda9f7119a78_1d4969d2cebfac6b156b42c48b005858
Brahmbhatt	415 140 543 158	650 380	4a3b3374f68b402f8eebeda9f7119a78_1d4969d2cebfac6b156b42c48b005858
Date	182 190 232 208	650 380	4a3b3374f68b402f8eebeda9f7119a78_1d4969d2cebfac6b156b42c48b005858
of	240 190 261 208	650 380	4a3b3374f68b402f8eebeda9f7119a78_1d4969d2cebfac6b156b42c48b005858
birth/	267 190 322 208	650 380	4a3b3374f68b402f8eebeda9f7119a78_1d4969d2cebfac6b156b42c48b005858
जनम	327 186 394 213	650 380	4a3b3374f68b402f8eebeda9f7119a78_1d4969d2cebfac6b156b42c48b005858
की	374 182 393 217	650 380	4a3b3374f68b402f8eebeda9f7119a78_1d4969d2cebfac6b156b42c48b005858
तारीख:	399 186 453 208	650 380	4a3b3374f68b402f8eebeda9f7119a78_1d4969d2cebfac6b156b42c48b005858
2021-03-13	468 190 594 208	650 380	4a3b3374f68b402f8eebeda9f7119a78_1d4969d2cebfac6b156b42c48b005858
Sex/	181 230 231 248	650 380	4a3b3374f68b402f8eebeda9f7119a78_1d4969d2cebfac6b156b42c48b005858
लगि:	236 226 275 248	650 380	4a3b3374f68b402f8eebeda9f7119a78_1d4969d2cebfac6b156b42c48b005858
पुरुष	288 233 321 254	650 380	4a3b3374f68b402f8eebeda9f7119a78_1d4969d2cebfac6b156b42c48b005858
1234	203 290 255 308	650 380	4a3b3374f68b402f8eebeda9f7119a78_1d4969d2cebfac6b156b42c48b005858
1234	265 290 317 308	650 380	4a3b3374f68b402f8eebeda9f7119a78_1d4969d2cebfac6b156b42c48b005858
1234	327 290 379 308	650 380	4a3b3374f68b402f8eebeda9f7119a78_1d4969d2cebfac6b156b42c48b005858
मेरा	199 326 227 348	650 380	4a3b3374f68b402f8eebeda9f7119a78_1d4969d2cebfac6b156b42c48b005858
आधार	233 332 280 348	650 380	4a3b3374f68b402f8eebeda9f7119a78_1d4969d2cebfac6b156b42c48b005858
मेरी	285 326 313 348	650 380	4a3b3374f68b402f8eebeda9f7119a78_1d4969d2cebfac6b156b42c48b005858
पहचान	318 333 373 349	650 380	4a3b3374f68b402f8eebeda9f7119a78_1d4969d2cebfac6b156b42c48b005858

भारत	240 28 294 49	650 380	8ad09f97aea44b668c94b9b3fa2b9ba2_1d4969d2cebfac6b156b42c48b006076
सरकार	300 28 375 49	650 380	8ad09f97aea44b668c94b9b3fa2b9ba2_1d4969d2cebfac6b156b42c48b006076
Government	152 63 341 90	650 380	8ad09f97aea44b668c94b9b3fa2b9ba2_1d4969d2cebfac6b156b42c48b006076
of	350 63 379 90	650 380	8ad09f97aea44b668c94b9b3fa2b9ba2_1d4969d2cebfac6b156b42c48b006076
India	389 64 460 89	650 380	8ad09f97aea44b668c94b9b3fa2b9ba2_1d4969d2cebfac6b156b42c48b006076
Name/	182 140 254 158	650 380	8ad09f97aea44b668c94b9b3fa2b9ba2_1d4969d2cebfac6b156b42c48b006076
नाम:	259 143 293 158	650 380	8ad09f97aea44b668c94b9b3fa2b9ba2_1d4969d2cebfac6b156b42c48b006076
Farhan	309 140 384 158	650 380	8ad09f97aea44b668c94b9b3fa2b9ba2_1d4969d2cebfac6b156b42c48b006076
Khan	394 140 449 158	650 380	8ad09f97aea44b668c94b9b3fa2b9ba2_1d4969d2cebfac6b156b42c48b006076
Date	182 190 232 208	650 380	8ad09f97aea44b668c94b9b3fa2b9ba2_1d4969d2cebfac6b156b42c48b006076
of	240 190 261 208	650 380	8ad09f97aea44b668c94b9b3fa2b9ba2_1d4969d2cebfac6b156b42c48b006076
birth/	267 190 322 208	650 380	8ad09f97aea44b668c94b9b3fa2b9ba2_1d4969d2cebfac6b156b42c48b006076
जनम	327 186 394 213	650 380	8ad09f97aea44b668c94b9b3fa2b9ba2_1d4969d2cebfac6b156b42c48b006076
की	374 182 393 217	650 380	8ad09f97aea44b668c94b9b3fa2b9ba2_1d4969d2cebfac6b156b42c48b006076
तारीख:	399 186 453 208	650 380	8ad09f97aea44b668c94b9b3fa2b9ba2_1d4969d2cebfac6b156b42c48b006076
2021-01-07	468 190 594 208	650 380	8ad09f97aea44b668c94b9b3fa2b9ba2_1d4969d2cebfac6b156b42c48b006076
Sex/	181 230 231 248	650 380	8ad09f97aea44b668c94b9b3fa2b9ba2_1d4969d2cebfac6b156b42c48b006076
लगि:	236 226 275 248	650 380	8ad09f97aea44b668c94b9b3fa2b9ba2_1d4969d2cebfac6b156b42c48b006076
पुरुष	288 233 321 254	650 380	8ad09f97aea44b668c94b9b3fa2b9ba2_1d4969d2cebfac6b156b42c48b006076
1234	203 290 255 308	650 380	8ad09f97aea44b668c94b9b3fa2b9ba2_1d4969d2cebfac6b156b42c48b006076
1234	265 290 317 308	650 380	8ad09f97aea44b668c94b9b3fa2b9ba2_1d4969d2cebfac6b156b42c48b006076
1234	327 290 379 308	650 380	8ad09f97aea44b668c94b9b3fa2b9ba2_1d4969d2cebfac6b156b42c48b006076
मेरा	199 326 227 348	650 380	8ad09f97aea44b668c94b9b3fa2b9ba2_1d4969d2cebfac6b156b42c48b006076
आधार	233 332 280 348	650 380	8ad09f97aea44b668c94b9b3fa2b9ba2_1d4969d2cebfac6b156b42c48b006076
मेरी	285 326 313 348	650 380	8ad09f97aea44b668c94b9b3fa2b9ba2_1d4969d2cebfac6b156b42c48b006076
पहचान	318 333 373 349	650 380	8ad09f97aea44b668c94b9b3fa2b9ba2_1d4969d2cebfac6b156b42c48b006076

भारत	240 28 294 49	650 380	be0e836f409b466eabbae78f1323e247_1d4969d2cebfac6b156b42c48b0062e7
सरकार	300 28 375 49	650 380	be0e836f409b466eabbae78f1323e247_1d4969d2cebfac6b156b42c48b0062e7
Government	152 63 341 89	650 380	be0e836f409b466eabbae78f1323e247_1d4969d2cebfac6b156b42c48b0062e7
of	350 63 379 89	650 380	be0e836f409b466eabbae78f1323e247_1d4969d2cebfac6b156b42c48b0062e7
India	389 64 460 89	650 380	be0e836f409b466eabbae78f1323e247_1d4969d2cebfac6b156b42c48b0062e7
Name/	182 140 254 158	650 380	be0e836f409b466eabbae78f1323e247_1d4969d2cebfac6b156b42c48b0062e7
नाम:	259 143 293 158	650 380	be0e836f409b466eabbae78f1323e247_1d4969d2cebfac6b156b42c48b0062e7
Nishith	309 140 383 158	650 380	be0e836f409b466eabbae78f1323e247_1d4969d2cebfac6b156b42c48b0062e7
Karan	393 140 456 158	650 380	be0e836f409b466eabbae78f1323e247_1d4969d2cebfac6b156b42c48b0062e7
Date	182 190 232 208	650 380	be0e836f409b466eabbae78f1323e247_1d4969d2cebfac6b156b42c48b0062e7
of	240 190 261 208	650 380	be0e836f409b466eabbae78f1323e247_1d4969d2cebfac6b156b42c48b0062e7
birth/	267 190 322 208	650 380	be0e836f409b466eabbae78f1323e247_1d4969d2cebfac6b156b42c48b0062e7
जनम	327 186 394 213	650 380	be0e836f409b466eabbae78f1323e247_1d4969d2cebfac6b156b42c48b0062e7
की	374 182 393 217	650 380	be0e836f409b466eabbae78f1323e247_1d4969d2cebfac6b156b42c48b0062e7
तारीख:	399 186 453 208	650 380	be0e836f409b466eabbae78f1323e247_1d4969d2cebfac6b156b42c48b0062e7
2021-01-21	468 190 590 208	650 380	be0e836f409b466eabbae78f1323e247_1d4969d2cebfac6b156b42c48b0062e7
Sex/	181 230 231 248	650 380	be0e836f409b466eabbae78f1323e247_1d4969d2cebfac6b156b42c48b0062e7
लगि:	236 226 275 248	650 380	be0e836f409b466eabbae78f1323e247_1d4969d2cebfac6b156b42c48b0062e7
महलि	288 226 339 249	650 380	be0e836f409b466eabbae78f1323e247_1d4969d2cebfac6b156b42c48b0062e7
1234	203 290 255 308	650 380	be0e836f409b466eabbae78f1323e247_1d4969d2cebfac6b156b42c48b0062e7
1234	265 290 317 308	650 380	be0e836f409b466eabbae78f1323e247_1d4969d2cebfac6b156b42c48b0062e7
1234	327 290 379 308	650 380	be0e836f409b466eabbae78f1323e247_1d4969d2cebfac6b156b42c48b0062e7
मेरा	199 326 227 348	650 380	be0e836f409b466eabbae78f1323e247_1d4969d2cebfac6b156b42c48b0062e7
आधार	233 332 280 348	650 380	be0e836f409b466eabbae78f1323e247_1d4969d2cebfac6b156b42c48b0062e7
मेरी	285 326 313 348	650 380	be0e836f409b466eabbae78f1323e247_1d4969d2cebfac6b156b42c48b0062e7
पहचान	318 333 373 349	650 380	be0e836f409b466eabbae78f1323e247_1d4969d2cebfac6b156b42c48b0062e7

भारत	240 28 294 49	650 380	451803ce23204b78a23fffa5088df287_1d4969d2cebfac6b156b42c48b006e24
सरकार	300 28 375 49	650 380	451803ce23204b78a23fffa5088df287_1d4969d2cebfac6b156b42c48b006e24
Government	152 63 341 89	650 380	451803ce23204b78a23fffa5088df287_1d4969d2cebfac6b156b42c48b006e24
of	350 63 379 89	650 380	451803ce23204b78a23fffa5088df287_1d4969d2cebfac6b156b42c48b006e24
India	389 64 460 89	650 380	451803ce23204b78a23fffa5088df287_1d4969d2cebfac6b156b42c48b006e24
Name/	182 140 253 158	650 380	451803ce23204b78a23fffa5088df287_1d4969d2cebfac6b156b42c48b006e24
नाम:	264 136 293 168	650 380	451803ce23204b78a23fffa5088df287_1d4969d2cebfac6b156b42c48b006e24
Kanav	309 140 378 158	650 380	451803ce23204b78a23fffa5088df287_1d4969d2cebfac6b156b42c48b006e24
Menon	387 140 460 158	650 380	451803ce23204b78a23fffa5088df287_1d4969d2cebfac6b156b42c48b006e24
Date	182 190 232 208	650 380	451803ce23204b78a23fffa5088df287_1d4969d2cebfac6b156b42c48b006e24
of	240 190 261 208	650 380	451803ce23204b78a23fffa5088df287_1d4969d2cebfac6b156b42c48b006e24
birth/	267 190 322 208	650 380	451803ce23204b78a23fffa5088df287_1d4969d2cebfac6b156b42c48b006e24
जनम	327 186 453 213	650 380	451803ce23204b78a23fffa5088df287_1d4969d2cebfac6b156b42c48b006e24
की	374 182 393 217	650 380	451803ce23204b78a23fffa5088df287_1d4969d2cebfac6b156b42c48b006e24
तारीख:	401 186 453 213	650 380	451803ce23204b78a23fffa5088df287_1d4969d2cebfac6b156b42c48b006e24
2021-02-14	468 190 594 208	650 380	451803ce23204b78a23fffa5088df287_1d4969d2cebfac6b156b42c48b006e24
Sex/	181 230 231 248	650 380	451803ce23204b78a23fffa5088df287_1d4969d2cebfac6b156b42c48b006e24
लगि:	236 226 275 248	650 380	451803ce23204b78a23fffa5088df287_1d4969d2cebfac6b156b42c48b006e24
महलि	288 226 339 249	650 380	451803ce23204b78a23fffa5088df287_1d4969d2cebfac6b156b42c48b006e24
1234	203 290 255 308	650 380	451803ce23204b78a23fffa5088df287_1d4969d2cebfac6b156b42c48b006e24
1234	265 290 317 308	650 380	451803ce23204b78a23fffa5088df287_1d4969d2cebfac6b156b42c48b006e24
1234	327 290 379 308	650 380	451803ce23204b78a23fffa5088df287_1d4969d2cebfac6b156b42c48b006e24
मेरा	199 326 227 348	650 380	451803ce23204b78a23fffa5088df287_1d4969d2cebfac6b156b42c48b006e24
आधार	233 332 280 348	650 380	451803ce23204b78a23fffa5088df287_1d4969d2cebfac6b156b42c48b006e24
मेरी	285 326 313 348	650 380	451803ce23204b78a23fffa5088df287_1d4969d2cebfac6b156b42c48b006e24
पहचान	318 333 373 349	650 380	451803ce23204b78a23fffa5088df287_1d4969d2cebfac6b156b42c48b006e24

भारत	240 28 294 49	650 380	2fb2e99dada64d629a8924ff7e69e347_1d4969d2cebfac6b156b42c48b0073fb
सरकार	300 28 375 49	650 380	2fb2e99dada64d629a8924ff7e69e347_1d4969d2cebfac6b156b42c48b0073fb
Government	152 63 341 90	650 380	2fb2e99dada64d629a8924ff7e69e347_1d4969d2cebfac6b156b42c48b0073fb
of	350 63 379 90	650 380	2fb2e99dada64d629a8924ff7e69e347_1d4969d2cebfac6b156b42c48b0073fb
India	389 64 460 89	650 380	2fb2e99dada64d629a8924ff7e69e347_1d4969d2cebfac6b156b42c48b0073fb
Name/	182 140 254 158	650 380	2fb2e99dada64d629a8924ff7e69e347_1d4969d2cebfac6b156b42c48b0073fb
नाम:	259 143 293 158	650 380	2fb2e99dada64d629a8924ff7e69e347_1d4969d2cebfac6b156b42c48b0073fb
Aarav	307 140 372 158	650 380	2fb2e99dada64d629a8924ff7e69e347_1d4969d2cebfac6b156b42c48b0073fb
Bawa	381 140 441 158	650 380	2fb2e99dada64d629a8924ff7e69e347_1d4969d2cebfac6b156b42c48b0073fb
Date	182 190 232 208	650 380	2fb2e99dada64d629a8924ff7e69e347_1d4969d2cebfac6b156b42c48b0073fb
of	240 190 261 208	650 380	2fb2e99dada64d629a8924ff7e69e347_1d4969d2cebfac6b156b42c48b0073fb
birth/	267 190 322 208	650 380	2fb2e99dada64d629a8924ff7e69e347_1d4969d2cebfac6b156b42c48b0073fb
जनम	327 186 394 213	650 380	2fb2e99dada64d629a8924ff7e69e347_1d4969d2cebfac6b156b42c48b0073fb
की	374 182 393 217	650 380	2fb2e99dada64d629a8924ff7e69e347_1d4969d2cebfac6b156b42c48b0073fb
तारीख:	399 186 453 208	650 380	2fb2e99dada64d629a8924ff7e69e347_1d4969d2cebfac6b156b42c48b0073fb
2021-01-30	468 190 594 208	650 380	2fb2e99dada64d629a8924ff7e69e347_1d4969d2cebfac6b156b42c48b0073fb
Sex/	181 230 231 248	650 380	2fb2e99dada64d629a8924ff7e69e347_1d4969d2cebfac6b156b42c48b0073fb
लगि:	236 226 275 248	650 380	2fb2e99dada64d629a8924ff7e69e347_1d4969d2cebfac6b156b42c48b0073fb
पुरुष	288 233 321 254	650 380	2fb2e99dada64d629a8924ff7e69e347_1d4969d2cebfac6b156b42c48b0073fb
1234	203 290 255 308	650 380	2fb2e99dada64d629a8924ff7e69e347_1d4969d2cebfac6b156b42c48b0073fb
1234	265 290 317 308	650 380	2fb2e99dada64d629a8924ff7e69e347_1d4969d2cebfac6b156b42c48b0073fb
1234	327 290 379 308	650 380	2fb2e99dada64d629a8924ff7e69e347_1d4969d2cebfac6b156b42c48b0073fb
मेरा	199 326 227 348	650 380	2fb2e99dada64d629a8924ff7e69e347_1d4969d2cebfac6b156b42c48b0073fb
आधार	233 332 280 348	650 380	2fb2e99dada64d629a8924ff7e69e347_1d4969d2cebfac6b156b42c48b0073fb
मेरी	285 326 313 348	650 380	2fb2e99dada64d629a8924ff7e69e347_1d4969d2cebfac6b156b42c48b0073fb
पहचान	318 333 373 349	650 380	2fb2e99dada64d629a8924ff7e69e347_1d4969d2cebfac6b156b42c48b0073fb

भारत	240 28 294 49	650 380	11f8c91bc86b4720aa4531dc2a49691e_1d4969d2cebfac6b156b42c48b007453
सरकार	300 28 375 49	650 380	11f8c91bc86b4720aa4531dc2a49691e_1d4969d2cebfac6b156b42c48b007453
Government	152 63 341 90	650 380	11f8c91bc86b4720aa4531dc2a49691e_1d4969d2cebfac6b156b42c48b007453
of	350 63 379 90	650 380	11f8c91bc86b4720aa4531dc2a49691e_1d4969d2cebfac6b156b42c48b007453
India	389 64 460 89	650 380	11f8c91bc86b4720aa4531dc2a49691e_1d4969d2cebfac6b156b42c48b007453
Name/	182 140 254 158	650 380	11f8c91bc86b4720aa4531dc2a49691e_1d4969d2cebfac6b156b42c48b007453
नाम:	259 143 293 158	650 380	11f8c91bc86b4720aa4531dc2a49691e_1d4969d2cebfac6b156b42c48b007453
नशिथ	306 136 358 158	650 380	11f8c91bc86b4720aa4531dc2a49691e_1d4969d2cebfac6b156b42c48b007453
करण	363 143 402 158	650 380	11f8c91bc86b4720aa4531dc2a49691e_1d4969d2cebfac6b156b42c48b007453
Date	182 190 232 208	650 380	11f8c91bc86b4720aa4531dc2a49691e_1d4969d2cebfac6b156b42c48b007453
of	240 190 261 208	650 380	11f8c91bc86b4720aa4531dc2a49691e_1d4969d2cebfac6b156b42c48b007453
birth/	267 190 322 208	650 380	11f8c91bc86b4720aa4531dc2a49691e_1d4969d2cebfac6b156b42c48b007453
जनम	327 186 394 213	650 380	11f8c91bc86b4720aa4531dc2a49691e_1d4969d2cebfac6b156b42c48b007453
की	374 182 393 217	650 380	11f8c91bc86b4720aa4531dc2a49691e_1d4969d2cebfac6b156b42c48b007453
तारीख:	399 186 453 208	650 380	11f8c91bc86b4720aa4531dc2a49691e_1d4969d2cebfac6b156b42c48b007453
2021-02-06	468 190 594 208	650 380	11f8c91bc86b4720aa4531dc2a49691e_1d4969d2cebfac6b156b42c48b007453
Sex/	181 230 231 248	650 380	11f8c91bc86b4720aa4531dc2a49691e_1d4969d2cebfac6b156b42c48b007453
लगि:	236 226 275 248	650 380	11f8c91bc86b4720aa4531dc2a49691e_1d4969d2cebfac6b156b42c48b007453
महलि	288 226 339 249	650 380	11f8c91bc86b4720aa4531dc2a49691e_1d4969d2cebfac6b156b42c48b007453
1234	203 290 255 308	650 380	11f8c91bc86b4720aa4531dc2a49691e_1d4969d2cebfac6b156b42c48b007453
1234	265 290 317 308	650 380	11f8c91bc86b4720aa4531dc2a49691e_1d4969d2cebfac6b156b42c48b007453
1234	327 290 379 308	650 380	11f8c91bc86b4720aa4531dc2a49691e_1d4969d2cebfac6b156b42c48b007453
मेरा	199 326 227 348	650 380	11f8c91bc86b4720aa4531dc2a49691e_1d4969d2cebfac6b156b42c48b007453
आधार	233 332 280 348	650 380	11f8c91bc86b4720aa4531dc2a49691e_1d4969d2cebfac6b156b42c48b007453
मेरी	285 326 313 348	650 380	11f8c91bc86b4720aa4531dc2a49691e_1d4969d2cebfac6b156b42c48b007453
पहचान	318 333 373 349	650 380	11f8c91bc86b4720aa4531dc2a49691e_1d4969d2cebfac6b156b42c48b007453

भारत	240 28 294 49	650 380	5e73ac18b79b418f9daa4890445df148_1d4969d2cebfac6b156b42c48b0078ea
सरकार	300 28 375 49	650 380	5e73ac18b79b418f9daa4890445df148_1d4969d2cebfac6b156b42c48b0078ea
Government	152 63 341 90	650 380	5e73ac18b79b418f9daa4890445df148_1d4969d2cebfac6b156b42c48b0078ea
of	350 63 379 90	650 380	5e73ac18b79b418f9daa4890445df148_1d4969d2cebfac6b156b42c48b0078ea
India	389 64 460 89	650 380	5e73ac18b79b418f9daa4890445df148_1d4969d2cebfac6b156b42c48b0078ea
Name/	182 140 254 158	650 380	5e73ac18b79b418f9daa4890445df148_1d4969d2cebfac6b156b42c48b0078ea
नाम:	259 143 293 158	650 380	5e73ac18b79b418f9daa4890445df148_1d4969d2cebfac6b156b42c48b0078ea
Ishaan	309 140 381 158	650 380	5e73ac18b79b418f9daa4890445df148_1d4969d2cebfac6b156b42c48b0078ea
Khan	391 140 446 158	650 380	5e73ac18b79b418f9daa4890445df148_1d4969d2cebfac6b156b42c48b0078ea
Date	182 190 232 208	650 380	5e73ac18b79b418f9daa4890445df148_1d4969d2cebfac6b156b42c48b0078ea
of	240 190 261 208	650 380	5e73ac18b79b418f9daa4890445df148_1d4969d2cebfac6b156b42c48b0078ea
birth/	267 190 322 208	650 380	5e73ac18b79b418f9daa4890445df148_1d4969d2cebfac6b156b42c48b0078ea
जनम	327 186 394 213	650 380	5e73ac18b79b418f9daa4890445df148_1d4969d2cebfac6b156b42c48b0078ea
की	374 182 393 217	650 380	5e73ac18b79b418f9daa4890445df148_1d4969d2cebfac6b156b42c48b0078ea
तारीख:	399 186 453 208	650 380	5e73ac18b79b418f9daa4890445df148_1d4969d2cebfac6b156b42c48b0078ea
2021-03-18	468 190 594 208	650 380	5e73ac18b79b418f9daa4890445df148_1d4969d2cebfac6b156b42c48b0078ea
Sex/	181 230 231 248	650 380	5e73ac18b79b418f9daa4890445df148_1d4969d2cebfac6b156b42c48b0078ea
लगि:	236 226 275 248	650 380	5e73ac18b79b418f9daa4890445df148_1d4969d2cebfac6b156b42c48b0078ea
महलि	288 226 339 249	650 380	5e73ac18b79b418f9daa4890445df148_1d4969d2cebfac6b156b42c48b0078ea
1234	203 290 255 308	650 380	5e73ac18b79b418f9daa4890445df148_1d4969d2cebfac6b156b42c48b0078ea
1234	265 290 317 308	650 380	5e73ac18b79b418f9daa4890445df148_1d4969d2cebfac6b156b42c48b0078ea
1234	327 290 379 308	650 380	5e73ac18b79b418f9daa4890445df148_1d4969d2cebfac6b156b42c48b0078ea
मेरा	199 326 227 348	650 380	5e73ac18b79b418f9daa4890445df148_1d4969d2cebfac6b156b42c48b0078ea
आधार	233 332 280 348	650 380	5e73ac18b79b418f9daa4890445df148_1d4969d2cebfac6b156b42c48b0078ea
मेरी	285 326 313 348	650 380	5e73ac18b79b418f9daa4890445df148_1d4969d2cebfac6b156b42c48b0078ea
पहचान	318 333 373 349	650 380	5e73ac18b79b418f9daa4890445df148_1d4969d2cebfac6b156b42c48b0078ea

भारत	240 28 294 49	650 380	3713d2a61b9f4bd1beb9ad0a396e84b5_1d4969d2cebfac6b156b42c48b0081db
सरकार	300 28 375 49	650 380	3713d2a61b9f4bd1beb9ad0a396e84b5_1d4969d2cebfac6b156b42c48b0081db
Government	152 63 341 90	650 380	3713d2a61b9f4bd1beb9ad0a396e84b5_1d4969d2cebfac6b156b42c48b0081db
of	350 63 379 90	650 380	3713d2a61b9f4bd1beb9ad0a396e84b5_1d4969d2cebfac6b156b42c48b0081db
India	389 64 460 89	650 380	3713d2a61b9f4bd1beb9ad0a396e84b5_1d4969d2cebfac6b156b42c48b0081db
Name/	182 140 254 158	650 380	3713d2a61b9f4bd1beb9ad0a396e84b5_1d4969d2cebfac6b156b42c48b0081db
नाम:	259 143 293 158	650 380	3713d2a61b9f4bd1beb9ad0a396e84b5_1d4969d2cebfac6b156b42c48b0081db
Ishaan	309 140 381 158	650 380	3713d2a61b9f4bd1beb9ad0a396e84b5_1d4969d2cebfac6b156b42c48b0081db
Khan	391 140 446 158	650 380	3713d2a61b9f4bd1beb9ad0a396e84b5_1d4969d2cebfac6b156b42c48b0081db
Date	182 190 232 208	650 380	3713d2a61b9f4bd1beb9ad0a396e84b5_1d4969d2cebfac6b156b42c48b0081db
of	240 190 261 208	650 380	3713d2a61b9f4bd1beb9ad0a396e84b5_1d4969d2cebfac6b156b42c48b0081db
birth/	267 190 322 208	650 380	3713d2a61b9f4bd1beb9ad0a396e84b5_1d4969d2cebfac6b156b42c48b0081db
जनम	327 186 394 213	650 380	3713d2a61b9f4bd1beb9ad0a396e84b5_1d4969d2cebfac6b156b42c48b0081db
की	374 182 393 217	650 380	3713d2a61b9f4bd1beb9ad0a396e84b5_1d4969d2cebfac6b156b42c48b0081db
तारीख:	399 186 453 208	650 380	3713d2a61b9f4bd1beb9ad0a396e84b5_1d4969d2cebfac6b156b42c48b0081db
2021-02-16	468 190 594 208	650 380	3713d2a61b9f4bd1beb9ad0a396e84b5_1d4969d2cebfac6b156b42c48b0081db
Sex/	181 230 231 248	650 380	3713d2a61b9f4bd1beb9ad0a396e84b5_1d4969d2cebfac6b156b42c48b0081db
लगि:	236 226 275 248	650 380	3713d2a61b9f4bd1beb9ad0a396e84b5_1d4969d2cebfac6b156b42c48b0081db
महलि	288 226 339 249	650 380	3713d2a61b9f4bd1beb9ad0a396e84b5_1d4969d2cebfac6b156b42c48b0081db
1234	203 290 255 308	650 380	3713d2a61b9f4bd1beb9ad0a396e84b5_1d4969d2cebfac6b156b42c48b0081db
1234	265 290 317 308	650 380	3713d2a61b9f4bd1beb9ad0a396e84b5_1d4969d2cebfac6b156b42c48b0081db
1234	327 290 379 308	650 380	3713d2a61b9f4bd1beb9ad0a396e84b5_1d4969d2cebfac6b156b42c48b0081db
मेरा	199 326 227 348	650 380	3713d2a61b9f4bd1beb9ad0a396e84b5_1d4969d2cebfac6b156b42c48b0081db
आधार	233 332 280 348	650 380	3713d2a61b9f4bd1beb9ad0a396e84b5_1d4969d2cebfac6b156b42c48b0081db
मेरी	285 326 313 348	650 380	3713d2a61b9f4bd1beb9ad0a396e84b5_1d4969d2cebfac6b156b42c48b0081db
पहचान	318 333 373 349	650 380	3713d2a61b9f4bd1beb9ad0a396e84b5_1d4969d2cebfac6b156b42c48b0081db

भारत	240 28 294 49	650 380	9e51b2059e51480abecf6ae8d00316e9_1d4969d2cebfac6b156b42c48b008973
सरकार	300 28 375 49	650 380	9e51b2059e51480abecf6ae8d00316e9_1d4969d2cebfac6b156b42c48b008973
Government	152 63 341 90	650 380	9e51b2059e51480abecf6ae8d00316e9_1d4969d2cebfac6b156b42c48b008973
of	350 63 379 90	650 380	9e51b2059e51480abecf6ae8d00316e9_1d4969d2cebfac6b156b42c48b008973
India	389 64 460 89	650 380	9e51b2059e51480abecf6ae8d00316e9_1d4969d2cebfac6b156b42c48b008973
Name/	182 140 254 158	650 380	9e51b2059e51480abecf6ae8d00316e9_1d4969d2cebfac6b156b42c48b008973
नाम:	259 143 293 158	650 380	9e51b2059e51480abecf6ae8d00316e9_1d4969d2cebfac6b156b42c48b008973
ഞണ്ട്‌	307 143 360 163	650 380	9e51b2059e51480abecf6ae8d00316e9_1d4969d2cebfac6b156b42c48b008973
भावकि	365 136 419 158	650 380	9e51b2059e51480abecf6ae8d00316e9_1d4969d2cebfac6b156b42c48b008973
Date	182 190 232 208	650 380	9e51b2059e51480abecf6ae8d00316e9_1d4969d2cebfac6b156b42c48b008973
of	240 190 261 208	650 380	9e51b2059e51480abecf6ae8d00316e9_1d4969d2cebfac6b156b42c48b008973
birth/	267 190 322 208	650 380	9e51b2059e51480abecf6ae8d00316e9_1d4969d2cebfac6b156b42c48b008973
जनम	327 186 453 213	650 380	9e51b2059e51480abecf6ae8d00316e9_1d4969d2cebfac6b156b42c48b008973
की	374 182 393 217	650 380	9e51b2059e51480abecf6ae8d00316e9_1d4969d2cebfac6b156b42c48b008973
तारीख:	401 186 453 213	650 380	9e51b2059e51480abecf6ae8d00316e9_1d4969d2cebfac6b156b42c48b008973
2021-02-24	468 190 594 208	650 380	9e51b2059e51480abecf6ae8d00316e9_1d4969d2cebfac6b156b42c48b008973
Sex/	181 230 231 248	650 380	9e51b2059e51480abecf6ae8d00316e9_1d4969d2cebfac6b156b42c48b008973
लगि:	236 226 275 248	650 380	9e51b2059e51480abecf6ae8d00316e9_1d4969d2cebfac6b156b42c48b008973
महलि	288 226 339 249	650 380	9e51b2059e51480abecf6ae8d00316e9_1d4969d2cebfac6b156b42c48b008973
1234	203 290 255 308	650 380	9e51b2059e51480abecf6ae8d00316e9_1d4969d2cebfac6b156b42c48b008973
1234	265 290 317 308	650 380	9e51b2059e51480abecf6ae8d00316e9_1d4969d2cebfac6b156b42c48b008973
1234	327 290 379 308	650 380	9e51b2059e51480abecf6ae8d00316e9_1d4969d2cebfac6b156b42c48b008973
मेरा	199 326 227 348	650 380	9e51b2059e51480abecf6ae8d00316e9_1d4969d2cebfac6b156b42c48b008973
आधार	233 332 280 348	650 380	9e51b2059e51480abecf6ae8d00316e9_1d4969d2cebfac6b156b42c48b008973
मेरी	285 326 313 348	650 380	9e51b2059e51480abecf6ae8d00316e9_1d4969d2cebfac6b156b42c48b008973
पहचान	318 333 373 349	650 380	9e51b2059e51480abecf6ae8d00316e9_1d4969d2cebfac6b156b42c48b008973

भारत	240 28 294 49	650 380	21f602b16c6c42a2adf0b7b8355823c1_1d4969d2cebfac6b156b42c48b0093f1
सरकार	300 28 375 49	650 380	21f602b16c6c42a2adf0b7b8355823c1_1d4969d2cebfac6b156b42c48b0093f1
Government	152 63 341 90	650 380	21f602b16c6c42a2adf0b7b8355823c1_1d4969d2cebfac6b156b42c48b0093f1
of	350 63 379 90	650 380	21f602b16c6c42a2adf0b7b8355823c1_1d4969d2cebfac6b156b42c48b0093f1
India	389 64 460 89	650 380	21f602b16c6c42a2adf0b7b8355823c1_1d4969d2cebfac6b156b42c48b0093f1
Name/	182 140 254 158	650 380	21f602b16c6c42a2adf0b7b8355823c1_1d4969d2cebfac6b156b42c48b0093f1
नाम:	259 143 293 158	650 380	21f602b16c6c42a2adf0b7b8355823c1_1d4969d2cebfac6b156b42c48b0093f1
जविनि	306 136 358 158	650 380	21f602b16c6c42a2adf0b7b8355823c1_1d4969d2cebfac6b156b42c48b0093f1
जॉन	362 139 397 158	650 380	21f602b16c6c42a2adf0b7b8355823c1_1d4969d2cebfac6b156b42c48b0093f1
Date	182 190 232 208	650 380	21f602b16c6c42a2adf0b7b8355823c1_1d4969d2cebfac6b156b42c48b0093f1
of	240 190 261 208	650 380	21f602b16c6c42a2adf0b7b8355823c1_1d4969d2cebfac6b156b42c48b0093f1
birth/	267 190 322 208	650 380	21f602b16c6c42a2adf0b7b8355823c1_1d4969d2cebfac6b156b42c48b0093f1
जनम	327 186 394 213	650 380	21f602b16c6c42a2adf0b7b8355823c1_1d4969d2cebfac6b156b42c48b0093f1
की	374 182 393 217	650 380	21f602b16c6c42a2adf0b7b8355823c1_1d4969d2cebfac6b156b42c48b0093f1
तारीख:	399 186 453 208	650 380	21f602b16c6c42a2adf0b7b8355823c1_1d4969d2cebfac6b156b42c48b0093f1
2021-02-26	468 190 594 208	650 380	21f602b16c6c42a2adf0b7b8355823c1_1d4969d2cebfac6b156b42c48b0093f1
Sex/	181 230 231 248	650 380	21f602b16c6c42a2adf0b7b8355823c1_1d4969d2cebfac6b156b42c48b0093f1
लगि:	236 226 275 248	650 380	21f602b16c6c42a2adf0b7b8355823c1_1d4969d2cebfac6b156b42c48b0093f1
पुरुष	288 233 321 254	650 380	21f602b16c6c42a2adf0b7b8355823c1_1d4969d2cebfac6b156b42c48b0093f1
1234	203 290 255 308	650 380	21f602b16c6c42a2adf0b7b8355823c1_1d4969d2cebfac6b156b42c48b0093f1
1234	265 290 317 308	650 380	21f602b16c6c42a2adf0b7b8355823c1_1d4969d2cebfac6b156b42c48b0093f1
1234	327 290 379 308	650 380	21f602b16c6c42a2adf0b7b8355823c1_1d4969d2cebfac6b156b42c48b0093f1
मेरा	199 326 227 348	650 380	21f602b16c6c42a2adf0b7b8355823c1_1d4969d2cebfac6b156b42c48b0093f1
आधार	233 332 280 348	650 380	21f602b16c6c42a2adf0b7b8355823c1_1d4969d2cebfac6b156b42c48b0093f1
मेरी	285 326 313 348	650 380	21f602b16c6c42a2adf0b7b8355823c1_1d4969d2cebfac6b156b42c48b0093f1
पहचान	318 333 373 349	650 380	21f602b16c6c42a2adf0b7b8355823c1_1d4969d2cebfac6b156b42c48b0093f1

भारत	240 28 294 49	650 380	0a378c9e4fff4d22be20a12d961b8774_1d4969d2cebfac6b156b42c48b009a2e
सरकार	300 28 375 49	650 380	0a378c9e4fff4d22be20a12d961b8774_1d4969d2cebfac6b156b42c48b009a2e
Government	152 63 341 90	650 380	0a378c9e4fff4d22be20a12d961b8774_1d4969d2cebfac6b156b42c48b009a2e
of	350 63 379 90	650 380	0a378c9e4fff4d22be20a12d961b8774_1d4969d2cebfac6b156b42c48b009a2e
India	389 64 460 89	650 380	0a378c9e4fff4d22be20a12d961b8774_1d4969d2cebfac6b156b42c48b009a2e
Name/	182 140 254 158	650 380	0a378c9e4fff4d22be20a12d961b8774_1d4969d2cebfac6b156b42c48b009a2e
नाम:	259 143 293 158	650 380	0a378c9e4fff4d22be20a12d961b8774_1d4969d2cebfac6b156b42c48b009a2e
आरव	308 143 350 158	650 380	0a378c9e4fff4d22be20a12d961b8774_1d4969d2cebfac6b156b42c48b009a2e
बावा	354 143 390 158	650 380	0a378c9e4fff4d22be20a12d961b8774_1d4969d2cebfac6b156b42c48b009a2e
Date	182 190 232 208	650 380	0a378c9e4fff4d22be20a12d961b8774_1d4969d2cebfac6b156b42c48b009a2e
of	240 190 261 208	650 380	0a378c9e4fff4d22be20a12d961b8774_1d4969d2cebfac6b156b42c48b009a2e
birth/	267 190 322 208	650 380	0a378c9e4fff4d22be20a12d961b8774_1d4969d2cebfac6b156b42c48b009a2e
जनम	327 186 394 213	650 380	0a378c9e4fff4d22be20a12d961b8774_1d4969d2cebfac6b156b42c48b009a2e
की	374 182 393 217	650 380	0a378c9e4fff4d22be20a12d961b8774_1d4969d2cebfac6b156b42c48b009a2e
तारीख:	399 186 453 208	650 380	0a378c9e4fff4d22be20a12d961b8774_1d4969d2cebfac6b156b42c48b009a2e
2021-02-16	468 190 594 208	650 380	0a378c9e4fff4d22be20a12d961b8774_1d4969d2cebfac6b156b42c48b009a2e
Sex/	181 230 231 248	650 380	0a378c9e4fff4d22be20a12d961b8774_1d4969d2cebfac6b156b42c48b009a2e
लगि:	236 226 275 248	650 380	0a378c9e4fff4d22be20a12d961b8774_1d4969d2cebfac6b156b42c48b009a2e
पुरुष	288 233 321 254	650 380	0a378c9e4fff4d22be20a12d961b8774_1d4969d2cebfac6b156b42c48b009a2e
1234	203 290 255 308	650 380	0a378c9e4fff4d22be20a12d961b8774_1d4969d2cebfac6b156b42c48b009a2e
1234	265 290 317 308	650 380	0a378c9e4fff4d22be20a12d961b8774_1d4969d2cebfac6b156b42c48b009a2e
1234	327 290 379 308	650 380	0a378c9e4fff4d22be20a12d961b8774_1d4969d2cebfac6b156b42c48b009a2e
मेरा	199 326 227 348	650 380	0a378c9e4fff4d22be20a12d961b8774_1d4969d2cebfac6b156b42c48b009a2e
आधार	233 332 280 348	650 380	0a378c9e4fff4d22be20a12d961b8774_1d4969d2cebfac6b156b42c48b009a2e
मेरी	285 326 313 348	650 380	0a378c9e4fff4d22be20a12d961b8774_1d4969d2cebfac6b156b42c48b009a2e
पहचान	318 333 373 349	650 380	0a378c9e4fff4d22be20a12d961b8774_1d4969d2cebfac6b156b42c48b009a2e

भारत	240 28 294 49	650 380	d2574b2b95a24dba9ed070eec43d0c80_1d4969d2cebfac6b156b42c48b00a006
सरकार	300 28 375 49	650 380	d2574b2b95a24dba9ed070eec43d0c80_1d4969d2cebfac6b156b42c48b00a006
Government	152 63 341 90	650 380	d2574b2b95a24dba9ed070eec43d0c80_1d4969d2cebfac6b156b42c48b00a006
of	350 63 379 90	650 380	d2574b2b95a24dba9ed070eec43d0c80_1d4969d2cebfac6b156b42c48b00a006
India	389 64 460 89	650 380	d2574b2b95a24dba9ed070eec43d0c80_1d4969d2cebfac6b156b42c48b00a006
Name/	182 140 254 158	650 380	d2574b2b95a24dba9ed070eec43d0c80_1d4969d2cebfac6b156b42c48b00a006
नाम:	259 143 293 158	650 380	d2574b2b95a24dba9ed070eec43d0c80_1d4969d2cebfac6b156b42c48b00a006
फरहान	309 136 361 167	650 380	d2574b2b95a24dba9ed070eec43d0c80_1d4969d2cebfac6b156b42c48b00a006
खान	369 136 403 167	650 380	d2574b2b95a24dba9ed070eec43d0c80_1d4969d2cebfac6b156b42c48b00a006
Date	182 190 232 208	650 380	d2574b2b95a24dba9ed070eec43d0c80_1d4969d2cebfac6b156b42c48b00a006
of	240 190 261 208	650 380	d2574b2b95a24dba9ed070eec43d0c80_1d4969d2cebfac6b156b42c48b00a006
birth/	267 190 322 208	650 380	d2574b2b95a24dba9ed070eec43d0c80_1d4969d2cebfac6b156b42c48b00a006
जनम	327 186 394 213	650 380	d2574b2b95a24dba9ed070eec43d0c80_1d4969d2cebfac6b156b42c48b00a006
की	374 182 393 217	650 380	d2574b2b95a24dba9ed070eec43d0c80_1d4969d2cebfac6b156b42c48b00a006
तारीख:	399 186 453 208	650 380	d2574b2b95a24dba9ed070eec43d0c80_1d4969d2cebfac6b156b42c48b00a006
2021-03-15	468 190 594 208	650 380	d2574b2b95a24dba9ed070eec43d0c80_1d4969d2cebfac6b156b42c48b00a006
Sex/	181 230 231 248	650 380	d2574b2b95a24dba9ed070eec43d0c80_1d4969d2cebfac6b156b42c48b00a006
लगि:	236 226 275 248	650 380	d2574b2b95a24dba9ed070eec43d0c80_1d4969d2cebfac6b156b42c48b00a006
पुरुष	288 233 321 254	650 380	d2574b2b95a24dba9ed070eec43d0c80_1d4969d2cebfac6b156b42c48b00a006
1234	203 290 255 308	650 380	d2574b2b95a24dba9ed070eec43d0c80_1d4969d2cebfac6b156b42c48b00a006
1234	265 290 317 308	650 380	d2574b2b95a24dba9ed070eec43d0c80_1d4969d2cebfac6b156b42c48b00a006
1234	327 290 379 308	650 380	d2574b2b95a24dba9ed070eec43d0c80_1d4969d2cebfac6b156b42c48b00a006
मेरा	199 326 227 348	650 380	d2574b2b95a24dba9ed070eec43d0c80_1d4969d2cebfac6b156b42c48b00a006
आधार	233 332 280 348	650 380	d2574b2b95a24dba9ed070eec43d0c80_1d4969d2cebfac6b156b42c48b00a006
मेरी	285 326 313 348	650 380	d2574b2b95a24dba9ed070eec43d0c80_1d4969d2cebfac6b156b42c48b00a006
पहचान	318 333 373 349	650 380	d2574b2b95a24dba9ed070eec43d0c80_1d4969d2cebfac6b156b42c48b00a006

भारत	240 28 294 49	650 380	a028efe8892f4ae6adf3f3d5541d90d4_1d4969d2cebfac6b156b42c48b00a533
सरकार	300 28 375 49	650 380	a028efe8892f4ae6adf3f3d5541d90d4_1d4969d2cebfac6b156b42c48b00a533
Government	152 63 341 90	650 380	a028efe8892f4ae6adf3f3d5541d90d4_1d4969d2cebfac6b156b42c48b00a533
of	350 63 379 90	650 380	a028efe8892f4ae6adf3f3d5541d90d4_1d4969d2cebfac6b156b42c48b00a533
India	389 64 460 89	650 380	a028efe8892f4ae6adf3f3d5541d90d4_1d4969d2cebfac6b156b42c48b00a533
Name/	182 140 254 158	650 380	a028efe8892f4ae6adf3f3d5541d90d4_1d4969d2cebfac6b156b42c48b00a533
नाम:	259 143 293 158	650 380	a028efe8892f4ae6adf3f3d5541d90d4_1d4969d2cebfac6b156b42c48b00a533
ईशान	306 138 348 160	650 380	a028efe8892f4ae6adf3f3d5541d90d4_1d4969d2cebfac6b156b42c48b00a533
खान	352 143 387 158	650 380	a028efe8892f4ae6adf3f3d5541d90d4_1d4969d2cebfac6b156b42c48b00a533
Date	182 190 232 208	650 380	a028efe8892f4ae6adf3f3d5541d90d4_1d4969d2cebfac6b156b42c48b00a533
of	240 190 261 208	650 380	a028efe8892f4ae6adf3f3d5541d90d4_1d4969d2cebfac6b156b42c48b00a533
birth/	267 190 322 208	650 380	a028efe8892f4ae6adf3f3d5541d90d4_1d4969d2cebfac6b156b42c48b00a533
जनम	327 186 394 213	650 380	a028efe8892f4ae6adf3f3d5541d90d4_1d4969d2cebfac6b156b42c48b00a533
की	374 182 393 217	650 380	a028efe8892f4ae6adf3f3d5541d90d4_1d4969d2cebfac6b156b42c48b00a533
तारीख:	399 186 453 208	650 380	a028efe8892f4ae6adf3f3d5541d90d4_1d4969d2cebfac6b156b42c48b00a533
2021-03-13	468 190 594 208	650 380	a028efe8892f4ae6adf3f3d5541d90d4_1d4969d2cebfac6b156b42c48b00a533
Sex/	181 230 231 248	650 380	a028efe8892f4ae6adf3f3d5541d90d4_1d4969d2cebfac6b156b42c48b00a533
लगि:	236 226 275 248	650 380	a028efe8892f4ae6adf3f3d5541d90d4_1d4969d2cebfac6b156b42c48b00a533
महलि	288 226 339 249	650 380	a028efe8892f4ae6adf3f3d5541d90d4_1d4969d2cebfac6b156b42c48b00a533
1234	203 290 255 308	650 380	a028efe8892f4ae6adf3f3d5541d90d4_1d4969d2cebfac6b156b42c48b00a533
1234	265 290 317 308	650 380	a028efe8892f4ae6adf3f3d5541d90d4_1d4969d2cebfac6b156b42c48b00a533
1234	327 290 379 308	650 380	a028efe8892f4ae6adf3f3d5541d90d4_1d4969d2cebfac6b156b42c48b00a533
मेरा	199 326 227 348	650 380	a028efe8892f4ae6adf3f3d5541d90d4_1d4969d2cebfac6b156b42c48b00a533
आधार	233 332 280 348	650 380	a028efe8892f4ae6adf3f3d5541d90d4_1d4969d2cebfac6b156b42c48b00a533
मेरी	285 326 313 348	650 380	a028efe8892f4ae6adf3f3d5541d90d4_1d4969d2cebfac6b156b42c48b00a533
पहचान	318 333 373 349	650 380	a028efe8892f4ae6adf3f3d5541d90d4_1d4969d2cebfac6b156b42c48b00a533

भारत	240 28 294 49	650 380	036a3ca2840b4bf28d42a3060803e5ce_1d4969d2cebfac6b156b42c48b00afbf
सरकार	300 28 375 49	650 380	036a3ca2840b4bf28d42a3060803e5ce_1d4969d2cebfac6b156b42c48b00afbf
Government	152 63 341 90	650 380	036a3ca2840b4bf28d42a3060803e5ce_1d4969d2cebfac6b156b42c48b00afbf
of	350 63 379 90	650 380	036a3ca2840b4bf28d42a3060803e5ce_1d4969d2cebfac6b156b42c48b00afbf
India	389 64 460 89	650 380	036a3ca2840b4bf28d42a3060803e5ce_1d4969d2cebfac6b156b42c48b00afbf
Name/	182 140 254 158	650 380	036a3ca2840b4bf28d42a3060803e5ce_1d4969d2cebfac6b156b42c48b00afbf
नाम:	259 143 293 158	650 380	036a3ca2840b4bf28d42a3060803e5ce_1d4969d2cebfac6b156b42c48b00afbf
आरव	308 143 350 158	650 380	036a3ca2840b4bf28d42a3060803e5ce_1d4969d2cebfac6b156b42c48b00afbf
बावा	354 143 390 158	650 380	036a3ca2840b4bf28d42a3060803e5ce_1d4969d2cebfac6b156b42c48b00afbf
Date	182 190 232 208	650 380	036a3ca2840b4bf28d42a3060803e5ce_1d4969d2cebfac6b156b42c48b00afbf
of	240 190 261 208	650 380	036a3ca2840b4bf28d42a3060803e5ce_1d4969d2cebfac6b156b42c48b00afbf
birth/	267 190 322 208	650 380	036a3ca2840b4bf28d42a3060803e5ce_1d4969d2cebfac6b156b42c48b00afbf
जनम	327 186 394 213	650 380	036a3ca2840b4bf28d42a3060803e5ce_1d4969d2cebfac6b156b42c48b00afbf
की	374 182 393 217	650 380	036a3ca2840b4bf28d42a3060803e5ce_1d4969d2cebfac6b156b42c48b00afbf
तारीख:	399 186 453 208	650 380	036a3ca2840b4bf28d42a3060803e5ce_1d4969d2cebfac6b156b42c48b00afbf
2021-01-05	468 190 594 208	650 380	036a3ca2840b4bf28d42a3060803e5ce_1d4969d2cebfac6b156b42c48b00afbf
Sex/	181 230 231 248	650 380	036a3ca2840b4bf28d42a3060803e5ce_1d4969d2cebfac6b156b42c48b00afbf
लगि:	236 226 275 248	650 380	036a3ca2840b4bf28d42a3060803e5ce_1d4969d2cebfac6b156b42c48b00afbf
महलि	288 226 339 249	650 380	036a3ca2840b4bf28d42a3060803e5ce_1d4969d2cebfac6b156b42c48b00afbf
1234	203 290 255 308	650 380	036a3ca2840b4bf28d42a3060803e5ce_1d4969d2cebfac6b156b42c48b00afbf
1234	265 290 317 308	650 380	036a3ca2840b4bf28d42a3060803e5ce_1d4969d2cebfac6b156b42c48b00afbf
1234	327 290 379 308	650 380	036a3ca2840b4bf28d42a3060803e5ce_1d4969d2cebfac6b156b42c48b00afbf
मेरा	199 326 227 348	650 380	036a3ca2840b4bf28d42a3060803e5ce_1d4969d2cebfac6b156b42c48b00afbf
आधार	233 332 280 348	650 380	036a3ca2840b4bf28d42a3060803e5ce_1d4969d2cebfac6b156b42c48b00afbf
मेरी	285 326 313 348	650 380	036a3ca2840b4bf28d42a3060803e5ce_1d4969d2cebfac6b156b42c48b00afbf
पहचान	318 333 373 349	650 380	036a3ca2840b4bf28d42a3060803e5ce_1d4969d2cebfac6b156b42c48b00afbf

भारत	240 28 294 49	650 380	054a2e65ab3b4f2da7b190c3776bc779_1d4969d2cebfac6b156b42c48b00b6e3
सरकार	300 28 375 49	650 380	054a2e65ab3b4f2da7b190c3776bc779_1d4969d2cebfac6b156b42c48b00b6e3
Government	152 63 341 90	650 380	054a2e65ab3b4f2da7b190c3776bc779_1d4969d2cebfac6b156b42c48b00b6e3
of	350 63 379 90	650 380	054a2e65ab3b4f2da7b190c3776bc779_1d4969d2cebfac6b156b42c48b00b6e3
India	389 64 460 89	650 380	054a2e65ab3b4f2da7b190c3776bc779_1d4969d2cebfac6b156b42c48b00b6e3
Name/	182 140 254 158	650 380	054a2e65ab3b4f2da7b190c3776bc779_1d4969d2cebfac6b156b42c48b00b6e3
नाम:	259 143 293 158	650 380	054a2e65ab3b4f2da7b190c3776bc779_1d4969d2cebfac6b156b42c48b00b6e3
ईशान	306 138 348 160	650 380	054a2e65ab3b4f2da7b190c3776bc779_1d4969d2cebfac6b156b42c48b00b6e3
खान	352 143 387 158	650 380	054a2e65ab3b4f2da7b190c3776bc779_1d4969d2cebfac6b156b42c48b00b6e3
Date	182 190 232 208	650 380	054a2e65ab3b4f2da7b190c3776bc779_1d4969d2cebfac6b156b42c48b00b6e3
of	240 190 261 208	650 380	054a2e65ab3b4f2da7b190c3776bc779_1d4969d2cebfac6b156b42c48b00b6e3
birth/	267 190 322 208	650 380	054a2e65ab3b4f2da7b190c3776bc779_1d4969d2cebfac6b156b42c48b00b6e3
जनम	327 186 394 213	650 380	054a2e65ab3b4f2da7b190c3776bc779_1d4969d2cebfac6b156b42c48b00b6e3
की	374 182 393 217	650 380	054a2e65ab3b4f2da7b190c3776bc779_1d4969d2cebfac6b156b42c48b00b6e3
तारीख:	399 186 453 208	650 380	054a2e65ab3b4f2da7b190c3776bc779_1d4969d2cebfac6b156b42c48b00b6e3
2021-01-24	468 190 594 208	650 380	054a2e65ab3b4f2da7b190c3776bc779_1d4969d2cebfac6b156b42c48b00b6e3
Sex/	181 230 231 248	650 380	054a2e65ab3b4f2da7b190c3776bc779_1d4969d2cebfac6b156b42c48b00b6e3
लगि:	236 226 275 248	650 380	054a2e65ab3b4f2da7b190c3776bc779_1d4969d2cebfac6b156b42c48b00b6e3
महलि	288 226 339 249	650 380	054a2e65ab3b4f2da7b190c3776bc779_1d4969d2cebfac6b156b42c48b00b6e3
1234	203 290 255 308	650 380	054a2e65ab3b4f2da7b190c3776bc779_1d4969d2cebfac6b156b42c48b00b6e3
1234	265 290 317 308	650 380	054a2e65ab3b4f2da7b190c3776bc779_1d4969d2cebfac6b156b42c48b00b6e3
1234	327 290 379 308	650 380	054a2e65ab3b4f2da7b190c3776bc779_1d4969d2cebfac6b156b42c48b00b6e3
मेरा	199 326 227 348	650 380	054a2e65ab3b4f2da7b190c3776bc779_1d4969d2cebfac6b156b42c48b00b6e3
आधार	233 332 280 348	650 380	054a2e65ab3b4f2da7b190c3776bc779_1d4969d2cebfac6b156b42c48b00b6e3
मेरी	285 326 313 348	650 380	054a2e65ab3b4f2da7b190c3776bc779_1d4969d2cebfac6b156b42c48b00b6e3
पहचान	318 333 373 349	650 380	054a2e65ab3b4f2da7b190c3776bc779_1d4969d2cebfac6b156b42c48b00b6e3

ഭാരത	241 19 331 37	650 380	b09c471d6fc64467a4e9f4927a1fc879_1d4969d2cebfac6b156b42c48b00b81a
സര്‍ക്കാര്‍	342 12 511 36	650 380	b09c471d6fc64467a4e9f4927a1fc879_1d4969d2cebfac6b156b42c48b00b81a
Government	151 52 350 77	650 380	b09c471d6fc64467a4e9f4927a1fc879_1d4969d2cebfac6b156b42c48b00b81a
of	361 52 393 76	650 380	b09c471d6fc64467a4e9f4927a1fc879_1d4969d2cebfac6b156b42c48b00b81a
India	404 52 473 76	650 380	b09c471d6fc64467a4e9f4927a1fc879_1d4969d2cebfac6b156b42c48b00b81a
Name/	151 132 226 149	650 380	b09c471d6fc64467a4e9f4927a1fc879_1d4969d2cebfac6b156b42c48b00b81a
പരേ:	235 132 288 149	650 380	b09c471d6fc64467a4e9f4927a1fc879_1d4969d2cebfac6b156b42c48b00b81a
Kanav	302 132 371 149	650 380	b09c471d6fc64467a4e9f4927a1fc879_1d4969d2cebfac6b156b42c48b00b81a
Menon	378 132 452 149	650 380	b09c471d6fc64467a4e9f4927a1fc879_1d4969d2cebfac6b156b42c48b00b81a
Date	151 182 205 199	650 380	b09c471d6fc64467a4e9f4927a1fc879_1d4969d2cebfac6b156b42c48b00b81a
of	212 182 235 199	650 380	b09c471d6fc64467a4e9f4927a1fc879_1d4969d2cebfac6b156b42c48b00b81a
birth/	243 182 304 199	650 380	b09c471d6fc64467a4e9f4927a1fc879_1d4969d2cebfac6b156b42c48b00b81a
ജനനതിയ്യതി	312 182 472 199	650 380	b09c471d6fc64467a4e9f4927a1fc879_1d4969d2cebfac6b156b42c48b00b81a
:	486 189 489 197	650 380	b09c471d6fc64467a4e9f4927a1fc879_1d4969d2cebfac6b156b42c48b00b81a
2021-01-30	503 182 621 199	650 380	b09c471d6fc64467a4e9f4927a1fc879_1d4969d2cebfac6b156b42c48b00b81a
Sex/	151 222 202 239	650 380	b09c471d6fc64467a4e9f4927a1fc879_1d4969d2cebfac6b156b42c48b00b81a
ലിംഗം:	211 222 280 239	650 380	b09c471d6fc64467a4e9f4927a1fc879_1d4969d2cebfac6b156b42c48b00b81a
Male	294 222 344 239	650 380	b09c471d6fc64467a4e9f4927a1fc879_1d4969d2cebfac6b156b42c48b00b81a
1234	201 282 250 299	650 380	b09c471d6fc64467a4e9f4927a1fc879_1d4969d2cebfac6b156b42c48b00b81a
1234	258 282 307 299	650 380	b09c471d6fc64467a4e9f4927a1fc879_1d4969d2cebfac6b156b42c48b00b81a
1234	315 282 364 299	650 380	b09c471d6fc64467a4e9f4927a1fc879_1d4969d2cebfac6b156b42c48b00b81a
ആധാര്‍-സാധാരണക്കാരന്റ	131 322 476 344	650 380	b09c471d6fc64467a4e9f4927a1fc879_1d4969d2cebfac6b156b42c48b00b81a
അവകാശം	483 327 601 339	650 380	b09c471d6fc64467a4e9f4927a1fc879_1d4969d2cebfac6b156b42c48b00b81a

ഭാരത	241 19 331 37	650 380	f114269c2c534aa086906bb4edd552c0_1d4969d2cebfac6b156b42c48b00c78f
സര്‍ക്കാര്‍	342 12 511 36	650 380	f114269c2c534aa086906bb4edd552c0_1d4969d2cebfac6b156b42c48b00c78f
Government	151 52 350 77	650 380	f114269c2c534aa086906bb4edd552c0_1d4969d2cebfac6b156b42c48b00c78f
of	361 52 393 76	650 380	f114269c2c534aa086906bb4edd552c0_1d4969d2cebfac6b156b42c48b00c78f
India	404 52 473 76	650 380	f114269c2c534aa086906bb4edd552c0_1d4969d2cebfac6b156b42c48b00c78f
Name/	151 132 226 149	650 380	f114269c2c534aa086906bb4edd552c0_1d4969d2cebfac6b156b42c48b00c78f
പരേ:	235 132 288 149	650 380	f114269c2c534aa086906bb4edd552c0_1d4969d2cebfac6b156b42c48b00c78f
Aryaman	301 132 405 154	650 380	f114269c2c534aa086906bb4edd552c0_1d4969d2cebfac6b156b42c48b00c78f
Atwal	412 132 477 149	650 380	f114269c2c534aa086906bb4edd552c0_1d4969d2cebfac6b156b42c48b00c78f
Date	151 182 205 199	650 380	f114269c2c534aa086906bb4edd552c0_1d4969d2cebfac6b156b42c48b00c78f
of	212 182 235 199	650 380	f114269c2c534aa086906bb4edd552c0_1d4969d2cebfac6b156b42c48b00c78f
birth/	243 182 304 199	650 380	f114269c2c534aa086906bb4edd552c0_1d4969d2cebfac6b156b42c48b00c78f
ജനനതിയ്യതി	312 182 472 199	650 380	f114269c2c534aa086906bb4edd552c0_1d4969d2cebfac6b156b42c48b00c78f
:	486 189 489 197	650 380	f114269c2c534aa086906bb4edd552c0_1d4969d2cebfac6b156b42c48b00c78f
2021-01-09	503 182 622 199	650 380	f114269c2c534aa086906bb4edd552c0_1d4969d2cebfac6b156b42c48b00c78f
Sex/	151 222 202 239	650 380	f114269c2c534aa086906bb4edd552c0_1d4969d2cebfac6b156b42c48b00c78f
ലിംഗം:	211 222 280 239	650 380	f114269c2c534aa086906bb4edd552c0_1d4969d2cebfac6b156b42c48b00c78f
Female	294 222 376 239	650 380	f114269c2c534aa086906bb4edd552c0_1d4969d2cebfac6b156b42c48b00c78f
1234	201 282 250 299	650 380	f114269c2c534aa086906bb4edd552c0_1d4969d2cebfac6b156b42c48b00c78f
1234	258 282 307 299	650 380	f114269c2c534aa086906bb4edd552c0_1d4969d2cebfac6b156b42c48b00c78f
1234	315 282 364 299	650 380	f114269c2c534aa086906bb4edd552c0_1d4969d2cebfac6b156b42c48b00c78f
ആധാര്‍-സാധാരണക്കാരന്റ	131 322 476 344	650 380	f114269c2c534aa086906bb4edd552c0_1d4969d2cebfac6b156b42c48b00c78f
അവകാശം	483 327 601 339	650 380	f114269c2c534aa086906bb4edd552c0_1d4969d2cebfac6b156b42c48b00c78f

ഭാരത	241 19 331 37	650 380	536ea0deb6c642be85789f32974699b1_1d4969d2cebfac6b156b42c48b00d763
സര്‍ക്കാര്‍	342 12 511 36	650 380	536ea0deb6c642be85789f32974699b1_1d4969d2cebfac6b156b42c48b00d763
Government	151 52 350 77	650 380	536ea0deb6c642be85789f32974699b1_1d4969d2cebfac6b156b42c48b00d763
of	361 52 393 76	650 380	536ea0deb6c642be85789f32974699b1_1d4969d2cebfac6b156b42c48b00d763
India	404 52 473 76	650 380	536ea0deb6c642be85789f32974699b1_1d4969d2cebfac6b156b42c48b00d763
Name/	151 132 226 149	650 380	536ea0deb6c642be85789f32974699b1_1d4969d2cebfac6b156b42c48b00d763
പരേ:	235 132 288 149	650 380	536ea0deb6c642be85789f32974699b1_1d4969d2cebfac6b156b42c48b00d763
Farhan	302 132 381 149	650 380	536ea0deb6c642be85789f32974699b1_1d4969d2cebfac6b156b42c48b00d763
Khan	389 132 444 149	650 380	536ea0deb6c642be85789f32974699b1_1d4969d2cebfac6b156b42c48b00d763
Date	151 182 205 199	650 380	536ea0deb6c642be85789f32974699b1_1d4969d2cebfac6b156b42c48b00d763
of	212 182 235 199	650 380	536ea0deb6c642be85789f32974699b1_1d4969d2cebfac6b156b42c48b00d763
birth/	243 182 304 199	650 380	536ea0deb6c642be85789f32974699b1_1d4969d2cebfac6b156b42c48b00d763
ജനനതിയ്യതി	312 182 472 199	650 380	536ea0deb6c642be85789f32974699b1_1d4969d2cebfac6b156b42c48b00d763
:	486 189 489 197	650 380	536ea0deb6c642be85789f32974699b1_1d4969d2cebfac6b156b42c48b00d763
2021-01-18	503 182 615 199	650 380	536ea0deb6c642be85789f32974699b1_1d4969d2cebfac6b156b42c48b00d763
Sex/	151 222 202 239	650 380	536ea0deb6c642be85789f32974699b1_1d4969d2cebfac6b156b42c48b00d763
ലിംഗം:	211 222 280 239	650 380	536ea0deb6c642be85789f32974699b1_1d4969d2cebfac6b156b42c48b00d763
Female	294 222 376 239	650 380	536ea0deb6c642be85789f32974699b1_1d4969d2cebfac6b156b42c48b00d763
1234	201 282 250 299	650 380	536ea0deb6c642be85789f32974699b1_1d4969d2cebfac6b156b42c48b00d763
1234	258 282 307 299	650 380	536ea0deb6c642be85789f32974699b1_1d4969d2cebfac6b156b42c48b00d763
1234	315 282 364 299	650 380	536ea0deb6c642be85789f32974699b1_1d4969d2cebfac6b156b42c48b00d763
ആധാര്‍-സാധാരണക്കാരന്റ	131 322 476 344	650 380	536ea0deb6c642be85789f32974699b1_1d4969d2cebfac6b156b42c48b00d763
അവകാശം	483 327 601 339	650 380	536ea0deb6c642be85789f32974699b1_1d4969d2cebfac6b156b42c48b00d763

ഭാരത	241 19 331 37	650 380	23c94e8f57f7458d8bca6c34173a8868_1d4969d2cebfac6b156b42c48b00e57e
സര്‍ക്കാര്‍	342 12 511 36	650 380	23c94e8f57f7458d8bca6c34173a8868_1d4969d2cebfac6b156b42c48b00e57e
Government	151 52 350 77	650 380	23c94e8f57f7458d8bca6c34173a8868_1d4969d2cebfac6b156b42c48b00e57e
of	361 52 393 76	650 380	23c94e8f57f7458d8bca6c34173a8868_1d4969d2cebfac6b156b42c48b00e57e
India	404 52 473 76	650 380	23c94e8f57f7458d8bca6c34173a8868_1d4969d2cebfac6b156b42c48b00e57e
Name/	151 132 226 149	650 380	23c94e8f57f7458d8bca6c34173a8868_1d4969d2cebfac6b156b42c48b00e57e
പരേ:	235 132 288 149	650 380	23c94e8f57f7458d8bca6c34173a8868_1d4969d2cebfac6b156b42c48b00e57e
Aarav	301 132 369 149	650 380	23c94e8f57f7458d8bca6c34173a8868_1d4969d2cebfac6b156b42c48b00e57e
Bawa	376 132 439 149	650 380	23c94e8f57f7458d8bca6c34173a8868_1d4969d2cebfac6b156b42c48b00e57e
Date	151 182 205 199	650 380	23c94e8f57f7458d8bca6c34173a8868_1d4969d2cebfac6b156b42c48b00e57e
of	212 182 235 199	650 380	23c94e8f57f7458d8bca6c34173a8868_1d4969d2cebfac6b156b42c48b00e57e
birth/	243 182 304 199	650 380	23c94e8f57f7458d8bca6c34173a8868_1d4969d2cebfac6b156b42c48b00e57e
ജനനതിയ്യതി	312 182 472 199	650 380	23c94e8f57f7458d8bca6c34173a8868_1d4969d2cebfac6b156b42c48b00e57e
:	486 189 489 197	650 380	23c94e8f57f7458d8bca6c34173a8868_1d4969d2cebfac6b156b42c48b00e57e
2021-01-11	503 182 609 199	650 380	23c94e8f57f7458d8bca6c34173a8868_1d4969d2cebfac6b156b42c48b00e57e
Sex/	151 222 202 239	650 380	23c94e8f57f7458d8bca6c34173a8868_1d4969d2cebfac6b156b42c48b00e57e
ലിംഗം:	211 222 280 239	650 380	23c94e8f57f7458d8bca6c34173a8868_1d4969d2cebfac6b156b42c48b00e57e
Female	294 222 376 239	650 380	23c94e8f57f7458d8bca6c34173a8868_1d4969d2cebfac6b156b42c48b00e57e
1234	201 282 250 299	650 380	23c94e8f57f7458d8bca6c34173a8868_1d4969d2cebfac6b156b42c48b00e57e
1234	258 282 307 299	650 380	23c94e8f57f7458d8bca6c34173a8868_1d4969d2cebfac6b156b42c48b00e57e
1234	315 282 364 299	650 380	23c94e8f57f7458d8bca6c34173a8868_1d4969d2cebfac6b156b42c48b00e57e
ആധാര്‍-സാധാരണക്കാരന്റ	131 322 476 344	650 380	23c94e8f57f7458d8bca6c34173a8868_1d4969d2cebfac6b156b42c48b00e57e
അവകാശം	483 327 601 339	650 380	23c94e8f57f7458d8bca6c34173a8868_1d4969d2cebfac6b156b42c48b00e57e

ഭാരത	241 19 331 37	650 380	a66b1b116c9541a7ad41c46ded506dd0_1d4969d2cebfac6b156b42c48b00e7af
സര്‍ക്കാര്‍	342 12 511 36	650 380	a66b1b116c9541a7ad41c46ded506dd0_1d4969d2cebfac6b156b42c48b00e7af
Government	151 52 350 77	650 380	a66b1b116c9541a7ad41c46ded506dd0_1d4969d2cebfac6b156b42c48b00e7af
of	361 52 393 76	650 380	a66b1b116c9541a7ad41c46ded506dd0_1d4969d2cebfac6b156b42c48b00e7af
India	404 52 473 76	650 380	a66b1b116c9541a7ad41c46ded506dd0_1d4969d2cebfac6b156b42c48b00e7af
Name/	151 132 226 149	650 380	a66b1b116c9541a7ad41c46ded506dd0_1d4969d2cebfac6b156b42c48b00e7af
പരേ:	235 132 288 149	650 380	a66b1b116c9541a7ad41c46ded506dd0_1d4969d2cebfac6b156b42c48b00e7af
Devansh	302 132 398 149	650 380	a66b1b116c9541a7ad41c46ded506dd0_1d4969d2cebfac6b156b42c48b00e7af
Brahmbhatt	406 132 543 149	650 380	a66b1b116c9541a7ad41c46ded506dd0_1d4969d2cebfac6b156b42c48b00e7af
Date	151 182 205 199	650 380	a66b1b116c9541a7ad41c46ded506dd0_1d4969d2cebfac6b156b42c48b00e7af
of	212 182 235 199	650 380	a66b1b116c9541a7ad41c46ded506dd0_1d4969d2cebfac6b156b42c48b00e7af
birth/	243 182 304 199	650 380	a66b1b116c9541a7ad41c46ded506dd0_1d4969d2cebfac6b156b42c48b00e7af
ജനനതിയ്യതി	312 182 472 199	650 380	a66b1b116c9541a7ad41c46ded506dd0_1d4969d2cebfac6b156b42c48b00e7af
:	486 189 489 197	650 380	a66b1b116c9541a7ad41c46ded506dd0_1d4969d2cebfac6b156b42c48b00e7af
2021-03-12	503 182 621 199	650 380	a66b1b116c9541a7ad41c46ded506dd0_1d4969d2cebfac6b156b42c48b00e7af
Sex/	151 222 202 239	650 380	a66b1b116c9541a7ad41c46ded506dd0_1d4969d2cebfac6b156b42c48b00e7af
ലിംഗം:	211 222 280 239	650 380	a66b1b116c9541a7ad41c46ded506dd0_1d4969d2cebfac6b156b42c48b00e7af
Female	294 222 376 239	650 380	a66b1b116c9541a7ad41c46ded506dd0_1d4969d2cebfac6b156b42c48b00e7af
1234	201 282 250 299	650 380	a66b1b116c9541a7ad41c46ded506dd0_1d4969d2cebfac6b156b42c48b00e7af
1234	258 282 307 299	650 380	a66b1b116c9541a7ad41c46ded506dd0_1d4969d2cebfac6b156b42c48b00e7af
1234	315 282 364 299	650 380	a66b1b116c9541a7ad41c46ded506dd0_1d4969d2cebfac6b156b42c48b00e7af
ആധാര്‍-സാധാരണക്കാരന്റ	131 322 476 344	650 380	a66b1b116c9541a7ad41c46ded506dd0_1d4969d2cebfac6b156b42c48b00e7af
അവകാശം	483 327 601 339	650 380	a66b1b116c9541a7ad41c46ded506dd0_1d4969d2cebfac6b156b42c48b00e7af

ഭാരത	241 19 331 37	650 380	54468514c3bf4bd48df07e2d85e521cc_1d4969d2cebfac6b156b42c48b00ecb6
സര്‍ക്കാര്‍	342 12 511 36	650 380	54468514c3bf4bd48df07e2d85e521cc_1d4969d2cebfac6b156b42c48b00ecb6
Government	151 52 350 77	650 380	54468514c3bf4bd48df07e2d85e521cc_1d4969d2cebfac6b156b42c48b00ecb6
of	361 52 393 76	650 380	54468514c3bf4bd48df07e2d85e521cc_1d4969d2cebfac6b156b42c48b00ecb6
India	404 52 473 76	650 380	54468514c3bf4bd48df07e2d85e521cc_1d4969d2cebfac6b156b42c48b00ecb6
Name/	151 132 226 149	650 380	54468514c3bf4bd48df07e2d85e521cc_1d4969d2cebfac6b156b42c48b00ecb6
പരേ:	235 132 288 149	650 380	54468514c3bf4bd48df07e2d85e521cc_1d4969d2cebfac6b156b42c48b00ecb6
Raga	302 132 360 154	650 380	54468514c3bf4bd48df07e2d85e521cc_1d4969d2cebfac6b156b42c48b00ecb6
Raj	367 132 404 154	650 380	54468514c3bf4bd48df07e2d85e521cc_1d4969d2cebfac6b156b42c48b00ecb6
Date	151 182 205 199	650 380	54468514c3bf4bd48df07e2d85e521cc_1d4969d2cebfac6b156b42c48b00ecb6
of	212 182 235 199	650 380	54468514c3bf4bd48df07e2d85e521cc_1d4969d2cebfac6b156b42c48b00ecb6
birth/	243 182 304 199	650 380	54468514c3bf4bd48df07e2d85e521cc_1d4969d2cebfac6b156b42c48b00ecb6
ജനനതിയ്യതി	312 182 472 199	650 380	54468514c3bf4bd48df07e2d85e521cc_1d4969d2cebfac6b156b42c48b00ecb6
:	486 189 489 197	650 380	54468514c3bf4bd48df07e2d85e521cc_1d4969d2cebfac6b156b42c48b00ecb6
2021-03-21	503 182 621 199	650 380	54468514c3bf4bd48df07e2d85e521cc_1d4969d2cebfac6b156b42c48b00ecb6
Sex/	151 222 202 239	650 380	54468514c3bf4bd48df07e2d85e521cc_1d4969d2cebfac6b156b42c48b00ecb6
ലിംഗം:	211 222 280 239	650 380	54468514c3bf4bd48df07e2d85e521cc_1d4969d2cebfac6b156b42c48b00ecb6
Male	294 222 344 239	650 380	54468514c3bf4bd48df07e2d85e521cc_1d4969d2cebfac6b156b42c48b00ecb6
1234	201 282 250 299	650 380	54468514c3bf4bd48df07e2d85e521cc_1d4969d2cebfac6b156b42c48b00ecb6
1234	258 282 307 299	650 380	54468514c3bf4bd48df07e2d85e521cc_1d4969d2cebfac6b156b42c48b00ecb6
1234	315 282 364 299	650 380	54468514c3bf4bd48df07e2d85e521cc_1d4969d2cebfac6b156b42c48b00ecb6
ആധാര്‍-സാധാരണക്കാരന്റ	131 322 476 344	650 380	54468514c3bf4bd48df07e2d85e521cc_1d4969d2cebfac6b156b42c48b00ecb6
അവകാശം	483 327 601 339	650 380	54468514c3bf4bd48df07e2d85e521cc_1d4969d2cebfac6b156b42c48b00ecb6

ഭാരത	241 19 331 37	650 380	4fc8280501094028b493c25756e46af3_1d4969d2cebfac6b156b42c48b00fb7a
സര്‍ക്കാര്‍	342 12 511 36	650 380	4fc8280501094028b493c25756e46af3_1d4969d2cebfac6b156b42c48b00fb7a
Government	151 52 350 77	650 380	4fc8280501094028b493c25756e46af3_1d4969d2cebfac6b156b42c48b00fb7a
of	361 52 393 76	650 380	4fc8280501094028b493c25756e46af3_1d4969d2cebfac6b156b42c48b00fb7a
India	404 52 473 76	650 380	4fc8280501094028b493c25756e46af3_1d4969d2cebfac6b156b42c48b00fb7a
Name/	151 132 226 149	650 380	4fc8280501094028b493c25756e46af3_1d4969d2cebfac6b156b42c48b00fb7a
പരേ:	235 132 288 149	650 380	4fc8280501094028b493c25756e46af3_1d4969d2cebfac6b156b42c48b00fb7a
Devansh	302 132 398 149	650 380	4fc8280501094028b493c25756e46af3_1d4969d2cebfac6b156b42c48b00fb7a
Brahmbhatt	406 132 543 149	650 380	4fc8280501094028b493c25756e46af3_1d4969d2cebfac6b156b42c48b00fb7a
Date	151 182 205 199	650 380	4fc8280501094028b493c25756e46af3_1d4969d2cebfac6b156b42c48b00fb7a
of	212 182 235 199	650 380	4fc8280501094028b493c25756e46af3_1d4969d2cebfac6b156b42c48b00fb7a
birth/	243 182 304 199	650 380	4fc8280501094028b493c25756e46af3_1d4969d2cebfac6b156b42c48b00fb7a
ജനനതിയ്യതി	312 182 472 199	650 380	4fc8280501094028b493c25756e46af3_1d4969d2cebfac6b156b42c48b00fb7a
:	486 189 489 197	650 380	4fc8280501094028b493c25756e46af3_1d4969d2cebfac6b156b42c48b00fb7a
2021-01-29	503 182 622 199	650 380	4fc8280501094028b493c25756e46af3_1d4969d2cebfac6b156b42c48b00fb7a
Sex/	151 222 202 239	650 380	4fc8280501094028b493c25756e46af3_1d4969d2cebfac6b156b42c48b00fb7a
ലിംഗം:	211 222 280 239	650 380	4fc8280501094028b493c25756e46af3_1d4969d2cebfac6b156b42c48b00fb7a
Male	294 222 344 239	650 380	4fc8280501094028b493c25756e46af3_1d4969d2cebfac6b156b42c48b00fb7a
1234	201 282 250 299	650 380	4fc8280501094028b493c25756e46af3_1d4969d2cebfac6b156b42c48b00fb7a
1234	258 282 307 299	650 380	4fc8280501094028b493c25756e46af3_1d4969d2cebfac6b156b42c48b00fb7a
1234	315 282 364 299	650 380	4fc8280501094028b493c25756e46af3_1d4969d2cebfac6b156b42c48b00fb7a
ആധാര്‍-സാധാരണക്കാരന്റ	131 322 476 344	650 380	4fc8280501094028b493c25756e46af3_1d4969d2cebfac6b156b42c48b00fb7a
അവകാശം	483 327 601 339	650 380	4fc8280501094028b493c25756e46af3_1d4969d2cebfac6b156b42c48b00fb7a

ഭാരത	241 19 331 37	650 380	68a709e62c574d379b02c030e6131513_1d4969d2cebfac6b156b42c48b010207
സര്‍ക്കാര്‍	342 12 511 36	650 380	68a709e62c574d379b02c030e6131513_1d4969d2cebfac6b156b42c48b010207
Government	151 52 350 77	650 380	68a709e62c574d379b02c030e6131513_1d4969d2cebfac6b156b42c48b010207
of	361 52 393 76	650 380	68a709e62c574d379b02c030e6131513_1d4969d2cebfac6b156b42c48b010207
India	404 52 473 76	650 380	68a709e62c574d379b02c030e6131513_1d4969d2cebfac6b156b42c48b010207
Name/	151 132 226 149	650 380	68a709e62c574d379b02c030e6131513_1d4969d2cebfac6b156b42c48b010207
പരേ:	235 132 288 149	650 380	68a709e62c574d379b02c030e6131513_1d4969d2cebfac6b156b42c48b010207
Aryaman	301 132 405 154	650 380	68a709e62c574d379b02c030e6131513_1d4969d2cebfac6b156b42c48b010207
Atwal	412 132 477 149	650 380	68a709e62c574d379b02c030e6131513_1d4969d2cebfac6b156b42c48b010207
Date	151 182 205 199	650 380	68a709e62c574d379b02c030e6131513_1d4969d2cebfac6b156b42c48b010207
of	212 182 235 199	650 380	68a709e62c574d379b02c030e6131513_1d4969d2cebfac6b156b42c48b010207
birth/	243 182 304 199	650 380	68a709e62c574d379b02c030e6131513_1d4969d2cebfac6b156b42c48b010207
ജനനതിയ്യതി	312 182 472 199	650 380	68a709e62c574d379b02c030e6131513_1d4969d2cebfac6b156b42c48b010207
:	486 189 489 197	650 380	68a709e62c574d379b02c030e6131513_1d4969d2cebfac6b156b42c48b010207
2021-03-14	503 182 622 199	650 380	68a709e62c574d379b02c030e6131513_1d4969d2cebfac6b156b42c48b010207
Sex/	151 222 202 239	650 380	68a709e62c574d379b02c030e6131513_1d4969d2cebfac6b156b42c48b010207
ലിംഗം:	211 222 280 239	650 380	68a709e62c574d379b02c030e6131513_1d4969d2cebfac6b156b42c48b010207
Male	294 222 344 239	650 380	68a709e62c574d379b02c030e6131513_1d4969d2cebfac6b156b42c48b010207
1234	201 282 250 299	650 380	68a709e62c574d379b02c030e6131513_1d4969d2cebfac6b156b42c48b010207
1234	258 282 307 299	650 380	68a709e62c574d379b02c030e6131513_1d4969d2cebfac6b156b42c48b010207
1234	315 282 364 299	650 380	68a709e62c574d379b02c030e6131513_1d4969d2cebfac6b156b42c48b010207
ആധാര്‍-സാധാരണക്കാരന്റ	131 322 476 344	650 380	68a709e62c574d379b02c030e6131513_1d4969d2cebfac6b156b42c48b010207
അവകാശം	483 327 601 339	650 380	68a709e62c574d379b02c030e6131513_1d4969d2cebfac6b156b42c48b010207

ഭാരത	241 19 331 37	650 380	d3855743762a4054909a8bce0693fd1e_1d4969d2cebfac6b156b42c48b0104df
സര്‍ക്കാര്‍	342 12 511 36	650 380	d3855743762a4054909a8bce0693fd1e_1d4969d2cebfac6b156b42c48b0104df
Government	151 52 350 77	650 380	d3855743762a4054909a8bce0693fd1e_1d4969d2cebfac6b156b42c48b0104df
of	361 52 393 76	650 380	d3855743762a4054909a8bce0693fd1e_1d4969d2cebfac6b156b42c48b0104df
India	404 52 473 76	650 380	d3855743762a4054909a8bce0693fd1e_1d4969d2cebfac6b156b42c48b0104df
Name/	151 132 226 149	650 380	d3855743762a4054909a8bce0693fd1e_1d4969d2cebfac6b156b42c48b0104df
പരേ:	235 132 288 149	650 380	d3855743762a4054909a8bce0693fd1e_1d4969d2cebfac6b156b42c48b0104df
ഇഷാന്‍	302 132 381 154	650 380	d3855743762a4054909a8bce0693fd1e_1d4969d2cebfac6b156b42c48b0104df
ഖാന്‍	389 132 442 149	650 380	d3855743762a4054909a8bce0693fd1e_1d4969d2cebfac6b156b42c48b0104df
Date	151 182 205 199	650 380	d3855743762a4054909a8bce0693fd1e_1d4969d2cebfac6b156b42c48b0104df
of	212 182 235 199	650 380	d3855743762a4054909a8bce0693fd1e_1d4969d2cebfac6b156b42c48b0104df
birth/	243 182 304 199	650 380	d3855743762a4054909a8bce0693fd1e_1d4969d2cebfac6b156b42c48b0104df
ജനനതിയ്യതി	312 182 472 199	650 380	d3855743762a4054909a8bce0693fd1e_1d4969d2cebfac6b156b42c48b0104df
:	486 189 489 197	650 380	d3855743762a4054909a8bce0693fd1e_1d4969d2cebfac6b156b42c48b0104df
2021-01-06	503 182 621 199	650 380	d3855743762a4054909a8bce0693fd1e_1d4969d2cebfac6b156b42c48b0104df
Sex/	151 222 202 239	650 380	d3855743762a4054909a8bce0693fd1e_1d4969d2cebfac6b156b42c48b0104df
ലിംഗം:	211 222 280 239	650 380	d3855743762a4054909a8bce0693fd1e_1d4969d2cebfac6b156b42c48b0104df
പുരുഷൻ	294 222 392 244	650 380	d3855743762a4054909a8bce0693fd1e_1d4969d2cebfac6b156b42c48b0104df
1234	201 282 250 299	650 380	d3855743762a4054909a8bce0693fd1e_1d4969d2cebfac6b156b42c48b0104df
1234	258 282 307 299	650 380	d3855743762a4054909a8bce0693fd1e_1d4969d2cebfac6b156b42c48b0104df
1234	315 282 364 299	650 380	d3855743762a4054909a8bce0693fd1e_1d4969d2cebfac6b156b42c48b0104df
ആധാര്‍-സാധാരണക്കാരന്റ	131 322 476 344	650 380	d3855743762a4054909a8bce0693fd1e_1d4969d2cebfac6b156b42c48b0104df
അവകാശം	483 327 601 339	650 380	d3855743762a4054909a8bce0693fd1e_1d4969d2cebfac6b156b42c48b0104df

ഭാരത	241 19 331 37	650 380	d24a12b6cdde412085a91f5f230c219d_1d4969d2cebfac6b156b42c48b010e02
സര്‍ക്കാര്‍	342 12 511 36	650 380	d24a12b6cdde412085a91f5f230c219d_1d4969d2cebfac6b156b42c48b010e02
Government	151 52 350 77	650 380	d24a12b6cdde412085a91f5f230c219d_1d4969d2cebfac6b156b42c48b010e02
of	361 52 393 76	650 380	d24a12b6cdde412085a91f5f230c219d_1d4969d2cebfac6b156b42c48b010e02
India	404 52 473 76	650 380	d24a12b6cdde412085a91f5f230c219d_1d4969d2cebfac6b156b42c48b010e02
Name/	151 132 226 149	650 380	d24a12b6cdde412085a91f5f230c219d_1d4969d2cebfac6b156b42c48b010e02
പരേ:	235 132 288 149	650 380	d24a12b6cdde412085a91f5f230c219d_1d4969d2cebfac6b156b42c48b010e02
രാഗ	302 137 349 149	650 380	d24a12b6cdde412085a91f5f230c219d_1d4969d2cebfac6b156b42c48b010e02
രാജ്‌	357 132 408 149	650 380	d24a12b6cdde412085a91f5f230c219d_1d4969d2cebfac6b156b42c48b010e02
Date	151 182 205 199	650 380	d24a12b6cdde412085a91f5f230c219d_1d4969d2cebfac6b156b42c48b010e02
of	212 182 235 199	650 380	d24a12b6cdde412085a91f5f230c219d_1d4969d2cebfac6b156b42c48b010e02
birth/	243 182 304 199	650 380	d24a12b6cdde412085a91f5f230c219d_1d4969d2cebfac6b156b42c48b010e02
ജനനതിയ്യതി	312 182 472 199	650 380	d24a12b6cdde412085a91f5f230c219d_1d4969d2cebfac6b156b42c48b010e02
:	486 189 489 197	650 380	d24a12b6cdde412085a91f5f230c219d_1d4969d2cebfac6b156b42c48b010e02
2021-02-16	503 182 621 199	650 380	d24a12b6cdde412085a91f5f230c219d_1d4969d2cebfac6b156b42c48b010e02
Sex/	151 222 202 239	650 380	d24a12b6cdde412085a91f5f230c219d_1d4969d2cebfac6b156b42c48b010e02
ലിംഗം:	211 222 280 239	650 380	d24a12b6cdde412085a91f5f230c219d_1d4969d2cebfac6b156b42c48b010e02
പുരുഷൻ	294 222 392 244	650 380	d24a12b6cdde412085a91f5f230c219d_1d4969d2cebfac6b156b42c48b010e02
1234	201 282 250 299	650 380	d24a12b6cdde412085a91f5f230c219d_1d4969d2cebfac6b156b42c48b010e02
1234	258 282 307 299	650 380	d24a12b6cdde412085a91f5f230c219d_1d4969d2cebfac6b156b42c48b010e02
1234	315 282 364 299	650 380	d24a12b6cdde412085a91f5f230c219d_1d4969d2cebfac6b156b42c48b010e02
ആധാര്‍-സാധാരണക്കാരന്റ	131 322 476 344	650 380	d24a12b6cdde412085a91f5f230c219d_1d4969d2cebfac6b156b42c48b010e02
അവകാശം	483 327 601 339	650 380	d24a12b6cdde412085a91f5f230c219d_1d4969d2cebfac6b156b42c48b010e02

ഭാരത	241 19 331 37	650 380	44fd64ab5aa54c05a0754c8392cb6ea4_1d4969d2cebfac6b156b42c48b011df0
സര്‍ക്കാര്‍	342 12 511 36	650 380	44fd64ab5aa54c05a0754c8392cb6ea4_1d4969d2cebfac6b156b42c48b011df0
Government	151 52 350 77	650 380	44fd64ab5aa54c05a0754c8392cb6ea4_1d4969d2cebfac6b156b42c48b011df0
of	361 52 393 76	650 380	44fd64ab5aa54c05a0754c8392cb6ea4_1d4969d2cebfac6b156b42c48b011df0
India	404 52 473 76	650 380	44fd64ab5aa54c05a0754c8392cb6ea4_1d4969d2cebfac6b156b42c48b011df0
Name/	151 132 226 149	650 380	44fd64ab5aa54c05a0754c8392cb6ea4_1d4969d2cebfac6b156b42c48b011df0
പരേ:	235 132 288 149	650 380	44fd64ab5aa54c05a0754c8392cb6ea4_1d4969d2cebfac6b156b42c48b011df0
ജിവിന്‍	302 132 375 149	650 380	44fd64ab5aa54c05a0754c8392cb6ea4_1d4969d2cebfac6b156b42c48b011df0
ജോൺ	383 132 461 149	650 380	44fd64ab5aa54c05a0754c8392cb6ea4_1d4969d2cebfac6b156b42c48b011df0
Date	151 182 205 199	650 380	44fd64ab5aa54c05a0754c8392cb6ea4_1d4969d2cebfac6b156b42c48b011df0
of	212 182 235 199	650 380	44fd64ab5aa54c05a0754c8392cb6ea4_1d4969d2cebfac6b156b42c48b011df0
birth/	243 182 304 199	650 380	44fd64ab5aa54c05a0754c8392cb6ea4_1d4969d2cebfac6b156b42c48b011df0
ജനനതിയ്യതി	312 182 472 199	650 380	44fd64ab5aa54c05a0754c8392cb6ea4_1d4969d2cebfac6b156b42c48b011df0
:	486 189 489 197	650 380	44fd64ab5aa54c05a0754c8392cb6ea4_1d4969d2cebfac6b156b42c48b011df0
2021-01-20	503 182 621 199	650 380	44fd64ab5aa54c05a0754c8392cb6ea4_1d4969d2cebfac6b156b42c48b011df0
Sex/	151 222 202 239	650 380	44fd64ab5aa54c05a0754c8392cb6ea4_1d4969d2cebfac6b156b42c48b011df0
ലിംഗം:	211 222 280 239	650 380	44fd64ab5aa54c05a0754c8392cb6ea4_1d4969d2cebfac6b156b42c48b011df0
പുരുഷൻ	294 222 392 244	650 380	44fd64ab5aa54c05a0754c8392cb6ea4_1d4969d2cebfac6b156b42c48b011df0
1234	201 282 250 299	650 380	44fd64ab5aa54c05a0754c8392cb6ea4_1d4969d2cebfac6b156b42c48b011df0
1234	258 282 307 299	650 380	44fd64ab5aa54c05a0754c8392cb6ea4_1d4969d2cebfac6b156b42c48b011df0
1234	315 282 364 299	650 380	44fd64ab5aa54c05a0754c8392cb6ea4_1d4969d2cebfac6b156b42c48b011df0
ആധാര്‍-സാധാരണക്കാരന്റ	131 322 476 344	650 380	44fd64ab5aa54c05a0754c8392cb6ea4_1d4969d2cebfac6b156b42c48b011df0
അവകാശം	483 327 601 339	650 380	44fd64ab5aa54c05a0754c8392cb6ea4_1d4969d2cebfac6b156b42c48b011df0

ഭാരത	241 19 331 37	650 380	729a713106ae4394ae4e23d19b72bb49_1d4969d2cebfac6b156b42c48b012c05
സര്‍ക്കാര്‍	342 12 511 36	650 380	729a713106ae4394ae4e23d19b72bb49_1d4969d2cebfac6b156b42c48b012c05
Government	151 52 350 77	650 380	729a713106ae4394ae4e23d19b72bb49_1d4969d2cebfac6b156b42c48b012c05
of	361 52 393 76	650 380	729a713106ae4394ae4e23d19b72bb49_1d4969d2cebfac6b156b42c48b012c05
India	404 52 473 76	650 380	729a713106ae4394ae4e23d19b72bb49_1d4969d2cebfac6b156b42c48b012c05
Name/	151 132 226 149	650 380	729a713106ae4394ae4e23d19b72bb49_1d4969d2cebfac6b156b42c48b012c05
പര്‌:	235 132 288 149	650 380	729a713106ae4394ae4e23d19b72bb49_1d4969d2cebfac6b156b42c48b012c05
ഫര്‍ഹാന്‍	302 132 401 149	650 380	729a713106ae4394ae4e23d19b72bb49_1d4969d2cebfac6b156b42c48b012c05
ഖാന്‍	409 132 462 149	650 380	729a713106ae4394ae4e23d19b72bb49_1d4969d2cebfac6b156b42c48b012c05
Date	151 182 205 199	650 380	729a713106ae4394ae4e23d19b72bb49_1d4969d2cebfac6b156b42c48b012c05
of	212 182 235 199	650 380	729a713106ae4394ae4e23d19b72bb49_1d4969d2cebfac6b156b42c48b012c05
birth/	243 182 304 199	650 380	729a713106ae4394ae4e23d19b72bb49_1d4969d2cebfac6b156b42c48b012c05
ജനനതിയ്യതി	312 182 472 199	650 380	729a713106ae4394ae4e23d19b72bb49_1d4969d2cebfac6b156b42c48b012c05
:	486 189 489 197	650 380	729a713106ae4394ae4e23d19b72bb49_1d4969d2cebfac6b156b42c48b012c05
2021-02-08	503 182 627 199	650 380	729a713106ae4394ae4e23d19b72bb49_1d4969d2cebfac6b156b42c48b012c05
Sex/	151 222 202 239	650 380	729a713106ae4394ae4e23d19b72bb49_1d4969d2cebfac6b156b42c48b012c05
ലിംഗം:	211 222 280 239	650 380	729a713106ae4394ae4e23d19b72bb49_1d4969d2cebfac6b156b42c48b012c05
പുരുഷൻ	294 222 392 244	650 380	729a713106ae4394ae4e23d19b72bb49_1d4969d2cebfac6b156b42c48b012c05
1234	201 282 250 299	650 380	729a713106ae4394ae4e23d19b72bb49_1d4969d2cebfac6b156b42c48b012c05
1234	258 282 307 299	650 380	729a713106ae4394ae4e23d19b72bb49_1d4969d2cebfac6b156b42c48b012c05
1234	315 282 364 299	650 380	729a713106ae4394ae4e23d19b72bb49_1d4969d2cebfac6b156b42c48b012c05
ആധാര്‍-സാധാരണക്കാരന്റ	131 322 476 344	650 380	729a713106ae4394ae4e23d19b72bb49_1d4969d2cebfac6b156b42c48b012c05
അവകാശം	483 327 601 339	650 380	729a713106ae4394ae4e23d19b72bb49_1d4969d2cebfac6b156b42c48b012c05

ഭാരത	241 19 331 37	650 380	91b4989a1fb9452da7d7cb0625bb812e_1d4969d2cebfac6b156b42c48b013ae5
സര്‍ക്കാര്‍	342 12 511 36	650 380	91b4989a1fb9452da7d7cb0625bb812e_1d4969d2cebfac6b156b42c48b013ae5
Government	151 52 350 77	650 380	91b4989a1fb9452da7d7cb0625bb812e_1d4969d2cebfac6b156b42c48b013ae5
of	361 52 393 76	650 380	91b4989a1fb9452da7d7cb0625bb812e_1d4969d2cebfac6b156b42c48b013ae5
India	404 52 473 76	650 380	91b4989a1fb9452da7d7cb0625bb812e_1d4969d2cebfac6b156b42c48b013ae5
Name/	151 132 226 149	650 380	91b4989a1fb9452da7d7cb0625bb812e_1d4969d2cebfac6b156b42c48b013ae5
പരേ:	235 132 288 149	650 380	91b4989a1fb9452da7d7cb0625bb812e_1d4969d2cebfac6b156b42c48b013ae5
ആര്യമാന്‍	302 132 423 154	650 380	91b4989a1fb9452da7d7cb0625bb812e_1d4969d2cebfac6b156b42c48b013ae5
അറ്റിവാൾ	437 132 558 149	650 380	91b4989a1fb9452da7d7cb0625bb812e_1d4969d2cebfac6b156b42c48b013ae5
Date	151 182 205 199	650 380	91b4989a1fb9452da7d7cb0625bb812e_1d4969d2cebfac6b156b42c48b013ae5
of	212 182 235 199	650 380	91b4989a1fb9452da7d7cb0625bb812e_1d4969d2cebfac6b156b42c48b013ae5
birth/	243 182 304 199	650 380	91b4989a1fb9452da7d7cb0625bb812e_1d4969d2cebfac6b156b42c48b013ae5
ജനനതിയ്യതി	312 182 472 199	650 380	91b4989a1fb9452da7d7cb0625bb812e_1d4969d2cebfac6b156b42c48b013ae5
:	486 189 489 197	650 380	91b4989a1fb9452da7d7cb0625bb812e_1d4969d2cebfac6b156b42c48b013ae5
2021-01-23	503 182 621 199	650 380	91b4989a1fb9452da7d7cb0625bb812e_1d4969d2cebfac6b156b42c48b013ae5
Sex/	151 222 202 239	650 380	91b4989a1fb9452da7d7cb0625bb812e_1d4969d2cebfac6b156b42c48b013ae5
ലിംഗം:	211 222 280 239	650 380	91b4989a1fb9452da7d7cb0625bb812e_1d4969d2cebfac6b156b42c48b013ae5
സ്ത്രീ	294 222 365 239	650 380	91b4989a1fb9452da7d7cb0625bb812e_1d4969d2cebfac6b156b42c48b013ae5
1234	201 282 250 299	650 380	91b4989a1fb9452da7d7cb0625bb812e_1d4969d2cebfac6b156b42c48b013ae5
1234	258 282 307 299	650 380	91b4989a1fb9452da7d7cb0625bb812e_1d4969d2cebfac6b156b42c48b013ae5
1234	315 282 364 299	650 380	91b4989a1fb9452da7d7cb0625bb812e_1d4969d2cebfac6b156b42c48b013ae5
ആധാര്‍-സാധാരണക്കാരന്റ	131 322 476 344	650 380	91b4989a1fb9452da7d7cb0625bb812e_1d4969d2cebfac6b156b42c48b013ae5
അവകാശം	483 327 601 339	650 380	91b4989a1fb9452da7d7cb0625bb812e_1d4969d2cebfac6b156b42c48b013ae5

ഭാരത	241 19 331 37	650 380	42ad3469bbc44b0f9910a2731b049f8c_1d4969d2cebfac6b156b42c48b013dd5
സര്‍ക്കാര്‍	342 12 511 36	650 380	42ad3469bbc44b0f9910a2731b049f8c_1d4969d2cebfac6b156b42c48b013dd5
Government	151 52 350 77	650 380	42ad3469bbc44b0f9910a2731b049f8c_1d4969d2cebfac6b156b42c48b013dd5
of	361 52 393 76	650 380	42ad3469bbc44b0f9910a2731b049f8c_1d4969d2cebfac6b156b42c48b013dd5
India	404 52 473 76	650 380	42ad3469bbc44b0f9910a2731b049f8c_1d4969d2cebfac6b156b42c48b013dd5
Name/	151 132 226 149	650 380	42ad3469bbc44b0f9910a2731b049f8c_1d4969d2cebfac6b156b42c48b013dd5
പരേ?	235 132 288 149	650 380	42ad3469bbc44b0f9910a2731b049f8c_1d4969d2cebfac6b156b42c48b013dd5
ആരവ്‌	302 132 376 154	650 380	42ad3469bbc44b0f9910a2731b049f8c_1d4969d2cebfac6b156b42c48b013dd5
ബാവ	381 137 440 149	650 380	42ad3469bbc44b0f9910a2731b049f8c_1d4969d2cebfac6b156b42c48b013dd5
Date	151 182 205 199	650 380	42ad3469bbc44b0f9910a2731b049f8c_1d4969d2cebfac6b156b42c48b013dd5
of	212 182 235 199	650 380	42ad3469bbc44b0f9910a2731b049f8c_1d4969d2cebfac6b156b42c48b013dd5
birth/	243 182 304 199	650 380	42ad3469bbc44b0f9910a2731b049f8c_1d4969d2cebfac6b156b42c48b013dd5
ജനനതിയ്യതി	312 182 472 199	650 380	42ad3469bbc44b0f9910a2731b049f8c_1d4969d2cebfac6b156b42c48b013dd5
:	486 189 489 197	650 380	42ad3469bbc44b0f9910a2731b049f8c_1d4969d2cebfac6b156b42c48b013dd5
2021-02-26	503 182 627 199	650 380	42ad3469bbc44b0f9910a2731b049f8c_1d4969d2cebfac6b156b42c48b013dd5
Sex/	151 222 202 239	650 380	42ad3469bbc44b0f9910a2731b049f8c_1d4969d2cebfac6b156b42c48b013dd5
ലിംഗം:	211 222 280 239	650 380	42ad3469bbc44b0f9910a2731b049f8c_1d4969d2cebfac6b156b42c48b013dd5
പുരുഷൻ	294 222 392 244	650 380	42ad3469bbc44b0f9910a2731b049f8c_1d4969d2cebfac6b156b42c48b013dd5
1234	201 282 250 299	650 380	42ad3469bbc44b0f9910a2731b049f8c_1d4969d2cebfac6b156b42c48b013dd5
1234	258 282 307 299	650 380	42ad3469bbc44b0f9910a2731b049f8c_1d4969d2cebfac6b156b42c48b013dd5
1234	315 282 364 299	650 380	42ad3469bbc44b0f9910a2731b049f8c_1d4969d2cebfac6b156b42c48b013dd5
ആധാര്‍-സാധാരണക്കാരന്റ	131 322 476 344	650 380	42ad3469bbc44b0f9910a2731b049f8c_1d4969d2cebfac6b156b42c48b013dd5
അവകാശം	483 327 601 339	650 380	42ad3469bbc44b0f9910a2731b049f8c_1d4969d2cebfac6b156b42c48b013dd5

ഭാരത	241 19 331 37	650 380	69a818a9da744974b598a7d8dd87ab49_1d4969d2cebfac6b156b42c48b013e29
സര്‍ക്കാര്‍	342 12 511 36	650 380	69a818a9da744974b598a7d8dd87ab49_1d4969d2cebfac6b156b42c48b013e29
Government	151 52 350 77	650 380	69a818a9da744974b598a7d8dd87ab49_1d4969d2cebfac6b156b42c48b013e29
of	361 52 393 76	650 380	69a818a9da744974b598a7d8dd87ab49_1d4969d2cebfac6b156b42c48b013e29
India	404 52 473 76	650 380	69a818a9da744974b598a7d8dd87ab49_1d4969d2cebfac6b156b42c48b013e29
Name/	151 132 226 149	650 380	69a818a9da744974b598a7d8dd87ab49_1d4969d2cebfac6b156b42c48b013e29
പരേ?	235 132 288 149	650 380	69a818a9da744974b598a7d8dd87ab49_1d4969d2cebfac6b156b42c48b013e29
ആരവ്‌	302 132 376 154	650 380	69a818a9da744974b598a7d8dd87ab49_1d4969d2cebfac6b156b42c48b013e29
ബാവ	381 137 440 149	650 380	69a818a9da744974b598a7d8dd87ab49_1d4969d2cebfac6b156b42c48b013e29
Date	151 182 205 199	650 380	69a818a9da744974b598a7d8dd87ab49_1d4969d2cebfac6b156b42c48b013e29
of	212 182 235 199	650 380	69a818a9da744974b598a7d8dd87ab49_1d4969d2cebfac6b156b42c48b013e29
birth/	243 182 304 199	650 380	69a818a9da744974b598a7d8dd87ab49_1d4969d2cebfac6b156b42c48b013e29
ജനനതിയ്യതി	312 182 472 199	650 380	69a818a9da744974b598a7d8dd87ab49_1d4969d2cebfac6b156b42c48b013e29
:	486 189 489 197	650 380	69a818a9da744974b598a7d8dd87ab49_1d4969d2cebfac6b156b42c48b013e29
2021-01-01	503 182 615 199	650 380	69a818a9da744974b598a7d8dd87ab49_1d4969d2cebfac6b156b42c48b013e29
Sex/	151 222 202 239	650 380	69a818a9da744974b598a7d8dd87ab49_1d4969d2cebfac6b156b42c48b013e29
ലിംഗം:	211 222 280 239	650 380	69a818a9da744974b598a7d8dd87ab49_1d4969d2cebfac6b156b42c48b013e29
സ്ത്രീ	294 222 365 239	650 380	69a818a9da744974b598a7d8dd87ab49_1d4969d2cebfac6b156b42c48b013e29
1234	201 282 250 299	650 380	69a818a9da744974b598a7d8dd87ab49_1d4969d2cebfac6b156b42c48b013e29
1234	258 282 307 299	650 380	69a818a9da744974b598a7d8dd87ab49_1d4969d2cebfac6b156b42c48b013e29
1234	315 282 364 299	650 380	69a818a9da744974b598a7d8dd87ab49_1d4969d2cebfac6b156b42c48b013e29
ആധാര്‍-സാധാരണക്കാരന്റ	131 322 476 344	650 380	69a818a9da744974b598a7d8dd87ab49_1d4969d2cebfac6b156b42c48b013e29
അവകാശം	483 327 601 339	650 380	69a818a9da744974b598a7d8dd87ab49_1d4969d2cebfac6b156b42c48b013e29

ഭാരത	241 19 331 37	650 380	7ef86e36f10f4705a4b632136156224c_1d4969d2cebfac6b156b42c48b0143ab
സര്‍ക്കാര്‍	342 12 511 36	650 380	7ef86e36f10f4705a4b632136156224c_1d4969d2cebfac6b156b42c48b0143ab
Government	151 52 350 77	650 380	7ef86e36f10f4705a4b632136156224c_1d4969d2cebfac6b156b42c48b0143ab
of	361 52 393 76	650 380	7ef86e36f10f4705a4b632136156224c_1d4969d2cebfac6b156b42c48b0143ab
India	404 52 473 76	650 380	7ef86e36f10f4705a4b632136156224c_1d4969d2cebfac6b156b42c48b0143ab
Name/	151 132 226 149	650 380	7ef86e36f10f4705a4b632136156224c_1d4969d2cebfac6b156b42c48b0143ab
പരേ:	235 132 288 149	650 380	7ef86e36f10f4705a4b632136156224c_1d4969d2cebfac6b156b42c48b0143ab
ദവേന്‍്ഷ്‌	302 132 399 149	650 380	7ef86e36f10f4705a4b632136156224c_1d4969d2cebfac6b156b42c48b0143ab
ബ്രഹ്മഭട്ട്‌	404 132 541 149	650 380	7ef86e36f10f4705a4b632136156224c_1d4969d2cebfac6b156b42c48b0143ab
Date	151 182 205 199	650 380	7ef86e36f10f4705a4b632136156224c_1d4969d2cebfac6b156b42c48b0143ab
of	212 182 235 199	650 380	7ef86e36f10f4705a4b632136156224c_1d4969d2cebfac6b156b42c48b0143ab
birth/	243 182 304 199	650 380	7ef86e36f10f4705a4b632136156224c_1d4969d2cebfac6b156b42c48b0143ab
ജനനതിയ്യതി	312 182 472 199	650 380	7ef86e36f10f4705a4b632136156224c_1d4969d2cebfac6b156b42c48b0143ab
:	486 189 489 197	650 380	7ef86e36f10f4705a4b632136156224c_1d4969d2cebfac6b156b42c48b0143ab
2021-02-13	503 182 621 199	650 380	7ef86e36f10f4705a4b632136156224c_1d4969d2cebfac6b156b42c48b0143ab
Sex/	151 222 202 239	650 380	7ef86e36f10f4705a4b632136156224c_1d4969d2cebfac6b156b42c48b0143ab
ലിംഗം:	211 222 280 239	650 380	7ef86e36f10f4705a4b632136156224c_1d4969d2cebfac6b156b42c48b0143ab
സ്ത്രീ	294 222 365 239	650 380	7ef86e36f10f4705a4b632136156224c_1d4969d2cebfac6b156b42c48b0143ab
1234	201 282 250 299	650 380	7ef86e36f10f4705a4b632136156224c_1d4969d2cebfac6b156b42c48b0143ab
1234	258 282 307 299	650 380	7ef86e36f10f4705a4b632136156224c_1d4969d2cebfac6b156b42c48b0143ab
1234	315 282 364 299	650 380	7ef86e36f10f4705a4b632136156224c_1d4969d2cebfac6b156b42c48b0143ab
ആധാര്‍-സാധാരണക്കാരന്റ	131 322 476 344	650 380	7ef86e36f10f4705a4b632136156224c_1d4969d2cebfac6b156b42c48b0143ab
അവകാശം	483 327 601 339	650 380	7ef86e36f10f4705a4b632136156224c_1d4969d2cebfac6b156b42c48b0143ab

